duration,protocol_type,service,flag,src_bytes,dst_bytes,land,wrong_fragment,urgent,hot,num_failed_logins,logged_in,num_compromised,root_shell,su_attempted,num_root,num_file_creations,num_shells,num_access_files,num_outbound_cmds,is_host_login,is_guest_login,count,srv_count,serror_rate,srv_serror_rate,rerror_rate,srv_rerror_rate,same_srv_rate,diff_srv_rate,srv_diff_host_rate,dst_host_count,dst_host_srv_count,dst_host_same_srv_rate,dst_host_diff_srv_rate,dst_host_same_src_port_rate,dst_host_srv_diff_host_rate,dst_host_serror_rate,dst_host_srv_serror_rate,dst_host_rerror_rate,dst_host_srv_rerror_rate,label
5,tcp,eco_i,REJ,28,17,0,0,0,6,0,0,0,0,0,0,0,0,0,0,0,0,446,479,0.98,1.0,0.02,0.02,0.88,0.0,0.7,214,112,0.45,0.28,0.87,0.76,0.78,0.93,0.02,0.01,neptune
0,tcp,other,S0,45,44,0,2,0,9,0,0,0,0,0,0,0,0,0,0,1,0,122,473,0.89,0.96,0.02,0.02,0.98,0.01,0.23,148,40,0.86,0.87,0.38,0.45,1.07,0.71,0.02,0.03,neptune
5,tcp,private,REJ,20,59,1,3,0,1,0,0,0,0,0,0,0,0,0,0,0,0,238,427,0.94,1.05,0.04,0.04,0.86,0.08,0.07,161,108,0.66,0.4,0.91,0.46,0.81,0.8,0.05,0.04,land
298,udp,ftp,SF,2316,8398,0,0,0,19,0,1,0,0,0,0,5,0,3,0,0,0,32,6,0.08,0.07,0.09,0.09,0.75,0.05,0.47,128,5,0.68,0.11,0.88,0.75,0.09,0.07,0.08,0.07,normal
134,icmp,smtp,REJ,1793,4939,0,0,0,19,0,1,0,0,0,0,4,0,0,0,1,0,41,33,0.06,0.06,0.02,0.01,0.93,0.16,0.36,157,122,0.06,0.88,0.95,0.09,0.06,0.05,0.02,0.02,normal
243,icmp,smtp,S0,8695,9988,0,0,0,20,0,1,0,0,0,0,3,0,5,0,1,0,28,14,0.09,0.09,0.08,0.08,0.91,0.21,0.12,115,32,0.34,0.59,0.23,0.22,0.07,0.1,0.06,0.09,normal
8,tcp,eco_i,RSTO,13,34,0,0,0,3,0,0,0,0,0,0,0,0,0,0,0,1,83,10,0.79,0.74,0.12,0.12,0.14,0.7,0.86,27,50,0.06,0.73,0.8,0.11,0.64,0.81,0.1,0.1,portsweep
38,udp,domain,SF,878,8906,0,0,0,28,0,1,0,0,0,0,1,0,3,0,0,0,1,6,0.09,0.08,0.08,0.07,0.75,0.15,0.39,232,146,0.42,0.96,1.0,0.56,0.1,0.07,0.07,0.11,normal
277,tcp,private,S0,986,871,0,0,0,2,0,1,0,0,0,0,0,0,1,0,0,0,38,31,0.05,0.05,0.09,0.08,0.75,0.29,0.12,126,20,0.62,0.42,0.58,0.52,0.06,0.04,0.1,0.07,normal
153,udp,ftp,SF,202,7558,0,0,0,28,0,1,0,0,0,0,2,0,0,0,0,0,40,37,0.1,0.09,0.01,0.01,0.76,0.08,0.83,154,4,0.67,0.55,0.93,0.1,0.12,0.09,0.01,0.01,normal
144,icmp,smtp,REJ,5667,3385,0,0,0,20,0,1,0,0,0,0,0,0,0,0,1,0,44,41,0.09,0.1,0.05,0.04,0.78,0.27,0.33,66,134,0.16,0.44,0.71,0.56,0.07,0.11,0.06,0.04,normal
189,icmp,domain,SF,7091,2138,0,0,0,21,0,1,0,0,0,0,2,0,1,0,0,0,3,20,0.04,0.04,0.09,0.09,0.99,0.01,0.56,208,79,0.93,0.24,0.16,0.8,0.03,0.03,0.08,0.12,normal
5,icmp,private,RSTO,20,100,0,0,0,9,0,0,0,0,0,0,0,0,0,0,0,0,295,119,0.97,0.79,0.04,0.04,0.96,0.05,0.33,35,142,0.35,0.51,0.68,0.84,0.87,0.7,0.05,0.04,teardrop
135,tcp,http,REJ,7169,5713,0,0,0,1,0,1,0,0,0,0,1,0,2,0,1,0,47,21,0.04,0.03,0.1,0.12,0.73,0.27,0.54,100,186,0.43,0.95,0.92,0.62,0.05,0.03,0.12,0.1,normal
3,tcp,eco_i,REJ,24,53,0,3,0,0,0,0,0,0,0,0,0,0,0,0,1,1,446,483,0.98,0.87,0.12,0.14,0.86,0.05,0.61,164,238,0.44,0.68,0.51,0.79,1.25,1.12,0.13,0.11,back
2,tcp,private,RSTO,28,25,0,1,0,13,0,0,0,0,0,0,0,0,0,0,0,1,112,123,0.85,0.85,0.1,0.09,0.97,0.01,0.66,2,54,0.78,0.22,0.8,0.7,0.83,0.88,0.12,0.07,pod
237,icmp,domain,REJ,9805,5248,0,0,0,28,0,1,0,0,0,0,4,0,3,0,0,0,49,29,0.06,0.07,0.07,0.07,0.85,0.25,0.26,126,141,0.77,0.52,0.63,0.27,0.05,0.05,0.06,0.06,normal
70,tcp,smtp,S0,2553,3555,0,0,0,28,0,1,0,0,0,0,3,0,3,0,0,0,5,27,0.04,0.05,0.05,0.06,0.82,0.06,0.38,3,180,0.3,0.39,0.89,0.84,0.04,0.05,0.06,0.07,normal
139,udp,ssh,SF,6421,5557,0,0,0,0,0,1,0,0,0,0,4,0,4,0,1,0,43,44,0.08,0.08,0.07,0.08,0.95,0.28,0.08,219,69,0.87,0.18,0.26,0.33,0.08,0.07,0.09,0.06,normal
32,tcp,ftp,S0,417,767,0,0,0,26,0,0,0,0,0,0,3,0,3,0,0,0,18,1,0.3,0.27,0.1,0.1,0.56,0.43,0.11,111,238,0.7,0.77,0.17,0.61,0.34,0.23,0.13,0.13,multihop
13,udp,domain,REJ,6199,6548,0,0,0,19,0,1,0,0,0,0,2,0,5,0,0,0,46,13,0.01,0.01,0.07,0.07,0.89,0.03,0.04,219,189,0.07,0.65,0.01,0.42,0.01,0.01,0.06,0.09,normal
78,udp,smtp,REJ,8598,4475,0,0,0,26,0,1,0,0,0,0,2,0,1,0,0,0,40,35,0.08,0.07,0.05,0.05,0.95,0.18,0.75,194,172,0.03,0.85,0.18,0.21,0.09,0.07,0.06,0.05,normal
5,icmp,smtp,SF,4004,6708,0,0,0,9,0,1,0,0,0,0,0,0,0,0,0,0,32,36,0.08,0.07,0.07,0.06,0.89,0.15,0.66,188,242,0.55,0.34,1.0,0.55,0.07,0.07,0.06,0.06,normal
0,tcp,private,REJ,27,94,0,3,0,26,0,0,0,0,0,0,0,0,0,0,0,1,241,470,0.92,0.82,0.15,0.13,0.92,0.1,0.01,64,140,0.05,0.05,0.29,0.94,0.99,1.06,0.12,0.11,back
245,udp,ftp,SF,891,4186,0,0,0,4,0,1,0,0,0,0,0,0,1,0,1,0,31,8,0.08,0.07,0.04,0.04,0.72,0.19,0.56,213,115,0.78,0.38,0.91,0.3,0.09,0.08,0.04,0.03,normal
97,tcp,telnet,REJ,3557,270,0,0,0,9,5,1,2,0,0,0,0,0,3,0,1,0,3,3,0.07,0.08,0.17,0.16,0.36,0.32,0.69,135,101,0.43,0.54,0.65,0.91,0.09,0.05,0.13,0.15,guess_passwd
2,udp,http,RSTOS0,88,38,0,3,0,23,0,0,0,0,0,0,0,0,0,0,1,1,239,356,0.91,0.74,0.09,0.08,0.92,0.09,0.67,10,137,0.58,0.76,0.18,0.52,0.88,0.79,0.11,0.08,pod
7,udp,eco_i,REJ,20,42,0,0,0,26,0,0,0,0,0,0,0,0,0,0,0,1,76,3,0.66,0.56,0.35,0.31,0.09,0.97,0.12,206,0,0.66,0.54,0.41,0.19,0.61,0.77,0.37,0.4,portsweep
281,tcp,ftp,S0,7991,2039,0,0,0,2,0,1,0,0,0,0,4,0,3,0,0,0,2,41,0.06,0.07,0.02,0.03,0.75,0.17,0.46,60,78,0.5,0.72,0.51,0.27,0.07,0.08,0.02,0.02,normal
260,icmp,smtp,SF,4576,6848,0,0,0,15,0,1,0,0,0,0,4,0,5,0,0,0,22,33,0.03,0.03,0.0,0.0,0.92,0.25,0.33,193,233,0.93,0.87,0.98,0.24,0.02,0.03,0.0,0.0,normal
195,udp,private,REJ,2542,8165,0,0,0,16,0,1,0,0,0,0,3,0,0,0,1,0,3,9,0.05,0.04,0.06,0.05,0.96,0.26,0.87,79,38,0.47,0.97,0.34,0.69,0.05,0.06,0.07,0.07,normal
162,icmp,private,S0,8914,638,0,0,0,3,0,1,0,0,0,0,0,0,3,0,0,0,40,5,0.02,0.02,0.07,0.07,0.79,0.07,0.9,23,166,0.8,0.29,0.37,0.15,0.02,0.02,0.08,0.05,normal
195,icmp,private,SF,8203,9604,0,0,0,21,0,1,0,0,0,0,3,0,2,0,0,0,10,15,0.05,0.04,0.03,0.03,0.78,0.0,0.99,153,217,0.69,0.46,0.3,1.0,0.06,0.04,0.02,0.02,normal
151,tcp,private,S0,4547,182,0,0,0,19,0,1,0,0,0,0,2,0,1,0,1,0,37,44,0.08,0.07,0.1,0.09,0.97,0.22,0.25,70,49,0.9,0.65,0.31,0.44,0.08,0.09,0.07,0.09,normal
1,tcp,eco_i,RSTO,21,32,0,3,0,24,0,0,0,0,0,0,0,0,0,0,0,1,251,482,0.97,1.16,0.16,0.18,0.89,0.01,0.37,202,7,0.26,0.12,0.37,0.75,0.84,0.9,0.17,0.15,smurf
0,icmp,eco_i,REJ,82,8,0,3,0,15,0,0,0,0,0,0,0,0,0,0,0,0,458,254,0.93,0.83,0.02,0.02,0.81,0.0,0.39,189,214,0.59,0.73,0.89,0.65,1.12,0.99,0.03,0.02,teardrop
3,udp,private,RSTO,12,87,0,2,0,27,0,0,0,0,0,0,0,0,0,0,1,0,378,430,0.87,0.93,0.08,0.08,0.84,0.01,0.6,10,25,0.79,0.24,0.13,0.56,0.65,1.01,0.07,0.07,smurf
2,icmp,private,REJ,9,8,0,0,0,11,0,0,0,0,0,0,0,0,0,0,0,1,188,5,0.9,0.73,0.05,0.05,0.26,0.57,0.13,215,58,0.75,0.48,0.78,0.51,0.69,0.9,0.07,0.04,nmap
4,udp,other,S0,7,61,1,3,0,10,0,0,0,0,0,0,0,0,0,0,0,0,318,451,0.82,0.7,0.14,0.15,0.89,0.09,0.59,166,195,0.99,0.53,0.45,0.61,0.62,0.92,0.17,0.16,land
1,udp,other,REJ,52,43,1,3,0,30,0,0,0,0,0,0,0,0,0,0,0,1,304,312,0.95,0.78,0.06,0.07,0.86,0.03,0.09,49,190,0.81,0.56,0.59,0.56,0.85,0.73,0.06,0.07,land
0,udp,eco_i,RSTO,13,73,1,1,0,3,0,0,0,0,0,0,0,0,0,0,1,0,179,436,0.9,1.01,0.17,0.19,0.87,0.06,0.97,13,136,0.03,0.27,0.76,0.92,0.82,0.73,0.13,0.19,land
15,tcp,private,REJ,3574,6213,0,0,0,2,0,1,0,0,0,0,4,0,4,0,0,0,27,30,0.03,0.03,0.04,0.04,0.92,0.23,0.05,41,139,0.44,0.42,0.61,0.41,0.03,0.03,0.03,0.03,normal
3,icmp,eco_i,S0,28,50,0,0,0,10,0,0,0,0,0,0,0,0,0,0,0,0,103,204,0.86,0.86,0.04,0.04,0.83,0.03,0.13,117,181,0.07,0.86,0.04,0.02,1.08,1.05,0.04,0.04,pod
2,tcp,other,S0,41,21,0,3,0,16,0,0,0,0,0,0,0,0,0,0,0,1,453,285,0.82,0.94,0.17,0.19,0.85,0.06,0.22,86,39,0.51,0.11,0.51,0.91,0.74,0.93,0.2,0.2,teardrop
74,udp,smtp,SF,9919,2554,0,0,0,14,0,1,0,0,0,0,4,0,4,0,1,0,49,49,0.07,0.08,0.02,0.02,0.93,0.15,0.15,34,240,0.44,0.3,0.27,0.06,0.07,0.06,0.02,0.01,normal
10,tcp,other,RSTO,29,37,0,0,0,15,0,0,0,0,0,0,0,0,0,0,0,0,191,1,0.72,0.71,0.4,0.46,0.2,0.66,0.84,43,88,0.04,0.71,0.99,0.52,0.77,0.67,0.51,0.38,portsweep
4,tcp,eco_i,S0,42,12,1,3,0,10,0,0,0,0,0,0,0,0,0,0,0,0,245,229,0.94,1.1,0.13,0.12,0.98,0.09,0.66,200,66,0.6,0.94,0.31,0.38,1.11,1.12,0.14,0.16,land
4,tcp,other,RSTO,2,46,1,2,0,4,0,0,0,0,0,0,0,0,0,0,0,1,192,209,0.87,0.99,0.15,0.13,0.84,0.1,0.77,19,172,0.88,0.62,0.6,0.15,0.7,0.97,0.16,0.19,land
3,tcp,eco_i,REJ,56,78,0,2,0,25,0,0,0,0,0,0,0,0,0,0,1,0,485,483,0.96,0.91,0.05,0.06,0.85,0.1,0.98,236,144,0.78,0.5,0.42,0.16,0.78,1.02,0.06,0.03,neptune
190,icmp,http,REJ,8502,2092,0,0,0,30,0,1,0,0,0,0,3,0,0,0,0,0,19,6,0.08,0.09,0.03,0.03,0.97,0.04,0.93,212,27,0.4,0.37,0.39,0.08,0.06,0.07,0.02,0.03,normal
74,tcp,http,S0,7790,2323,0,0,0,17,0,1,0,0,0,0,1,0,1,0,1,0,49,46,0.05,0.04,0.06,0.06,0.97,0.01,0.3,24,122,0.42,0.79,0.46,0.11,0.06,0.05,0.04,0.06,normal
73,udp,ssh,SF,5830,3991,0,0,0,16,0,1,0,0,0,0,4,0,4,0,0,0,37,27,0.02,0.02,0.07,0.07,0.86,0.11,0.64,191,129,0.75,0.36,0.07,0.24,0.02,0.01,0.07,0.08,normal
180,icmp,ftp,REJ,2918,7662,0,0,0,9,0,1,0,0,0,0,3,0,0,0,0,0,45,31,0.06,0.05,0.08,0.07,0.72,0.23,0.04,158,203,0.99,0.54,0.25,0.75,0.05,0.06,0.09,0.1,normal
63,udp,ssh,S0,7254,6384,0,0,0,13,0,1,0,0,0,0,0,0,5,0,0,0,22,12,0.05,0.05,0.05,0.06,0.98,0.16,0.18,150,164,0.1,0.33,0.3,0.45,0.06,0.04,0.05,0.05,normal
4,tcp,other,RSTO,81,7,0,0,0,0,0,0,0,0,0,0,0,0,0,0,0,1,443,426,0.88,0.72,0.1,0.08,0.95,0.02,0.78,187,185,0.38,0.57,0.61,0.68,1.12,0.81,0.12,0.11,back
203,udp,private,S0,4139,1908,0,0,0,14,0,1,0,0,0,0,2,0,5,0,0,0,2,48,0.02,0.02,0.05,0.05,0.97,0.04,0.92,251,102,0.12,0.85,0.45,0.9,0.02,0.01,0.06,0.06,normal
177,icmp,http,REJ,8932,4807,0,0,0,3,0,1,0,0,0,0,4,0,1,0,0,0,20,11,0.07,0.08,0.09,0.08,0.89,0.24,0.49,184,188,0.47,0.98,0.13,0.88,0.05,0.07,0.1,0.09,normal
209,icmp,http,SF,5244,1265,0,0,0,5,0,1,0,0,0,0,5,0,4,0,0,0,29,30,0.07,0.07,0.03,0.04,0.96,0.23,0.06,63,78,0.3,0.16,0.93,0.23,0.09,0.07,0.03,0.03,normal
282,udp,smtp,REJ,5011,8790,0,0,0,28,0,1,0,0,0,0,4,0,5,0,1,0,6,33,0.06,0.07,0.06,0.06,0.87,0.05,0.83,14,41,0.05,0.64,0.58,0.65,0.07,0.06,0.06,0.06,normal
5,tcp,eco_i,RSTOS0,31,87,0,3,0,6,0,0,0,0,0,0,0,0,0,0,1,0,252,332,0.81,0.75,0.01,0.01,0.89,0.05,0.73,176,204,0.13,0.37,0.56,0.32,0.8,0.7,0.01,0.01,back
196,icmp,ssh,SF,2666,5414,0,0,0,15,0,1,0,0,0,0,3,0,2,0,0,0,37,47,0.03,0.03,0.08,0.07,0.85,0.15,0.46,123,110,0.58,0.05,0.28,0.6,0.04,0.03,0.07,0.05,normal
68,udp,private,S0,6656,6045,0,0,0,14,0,1,0,0,0,0,3,0,4,0,1,0,3,26,0.01,0.01,0.06,0.06,0.81,0.09,0.61,65,49,0.39,0.79,0.34,0.94,0.01,0.0,0.06,0.06,normal
70,icmp,ftp,S0,8558,7537,0,0,0,23,0,1,0,0,0,0,3,0,4,0,1,0,10,39,0.09,0.09,0.01,0.01,0.98,0.1,0.51,250,153,0.47,0.02,0.33,0.11,0.08,0.08,0.02,0.02,normal
3,udp,private,S0,74,61,0,1,0,7,0,0,0,0,0,0,0,0,0,0,0,0,368,422,0.94,0.83,0.15,0.15,0.88,0.08,0.42,211,104,0.41,0.77,0.92,0.87,1.08,0.7,0.12,0.13,pod
244,icmp,ssh,S0,2887,7581,0,0,0,19,0,1,0,0,0,0,5,0,2,0,1,0,35,22,0.05,0.05,0.07,0.06,0.96,0.2,0.56,115,152,0.77,0.7,0.69,0.49,0.05,0.06,0.09,0.08,normal
293,icmp,domain,S0,6514,5704,0,0,0,8,0,1,0,0,0,0,3,0,5,0,1,0,50,10,0.03,0.03,0.03,0.03,0.91,0.1,0.27,139,70,0.11,0.74,0.24,0.05,0.04,0.02,0.02,0.02,normal
241,tcp,private,SF,134,9066,0,0,0,9,0,1,0,0,0,0,2,0,2,0,0,0,11,27,0.07,0.08,0.09,0.07,0.84,0.2,0.57,19,89,0.42,0.84,0.93,0.04,0.08,0.08,0.07,0.1,normal
0,tcp,eco_i,SF,21,18,0,0,0,8,0,0,0,0,0,0,0,0,0,0,0,0,166,9,0.76,0.71,0.44,0.49,0.04,0.75,0.65,95,7,0.74,0.79,0.57,0.76,0.61,0.93,0.55,0.53,nmap
44,udp,private,SF,3077,2353,0,0,0,9,0,1,0,0,0,0,2,0,2,0,0,0,31,21,0.09,0.08,0.0,0.0,0.82,0.13,0.24,60,238,0.31,0.41,0.5,0.9,0.11,0.08,0.0,0.0,normal
113,tcp,smtp,S0,2559,7504,0,0,0,24,0,1,0,0,0,0,5,0,1,0,0,0,48,39,0.04,0.04,0.07,0.07,0.97,0.23,0.79,228,185,0.08,0.56,0.06,0.55,0.04,0.04,0.06,0.06,normal
59,icmp,smtp,REJ,9604,8058,0,0,0,17,0,1,0,0,0,0,4,0,0,0,1,0,6,33,0.04,0.05,0.01,0.01,0.74,0.12,0.02,130,1,0.75,0.58,0.05,0.34,0.03,0.06,0.01,0.0,normal
36,tcp,http,SF,2318,784,0,0,0,27,0,1,0,0,0,0,10,0,10,0,0,0,14,6,0.3,0.32,0.11,0.11,0.65,0.47,0.18,201,65,0.73,0.22,0.0,0.02,0.26,0.33,0.12,0.12,warezclient
7,udp,private,REJ,12,46,0,0,0,28,0,0,0,0,0,0,0,0,0,0,0,0,245,2,0.52,0.46,0.33,0.28,0.18,0.97,0.03,24,125,0.74,0.4,0.23,0.22,0.63,0.38,0.33,0.29,ipsweep
9,udp,other,REJ,15,19,0,0,0,17,0,0,0,0,0,0,0,0,0,0,0,1,274,3,0.99,1.02,0.26,0.21,0.12,0.64,0.34,195,163,0.7,0.41,0.3,0.18,1.02,0.84,0.22,0.32,mscan
237,tcp,domain,S0,6874,9180,0,0,0,2,0,1,0,0,0,0,3,0,2,0,0,0,34,9,0.04,0.03,0.03,0.02,0.8,0.02,0.6,20,37,0.19,0.76,0.72,0.56,0.04,0.05,0.02,0.03,normal
97,icmp,http,REJ,7896,4024,0,0,0,14,0,1,0,0,0,0,2,0,3,0,1,0,45,39,0.07,0.06,0.04,0.04,0.77,0.1,0.88,238,50,0.8,0.72,0.76,0.32,0.06,0.06,0.03,0.05,normal
2,tcp,other,RSTO,19,25,0,2,0,10,0,0,0,0,0,0,0,0,0,0,1,1,217,294,0.91,1.08,0.05,0.05,0.91,0.09,0.49,86,180,0.17,0.72,0.49,0.92,0.94,0.99,0.04,0.04,neptune
0,tcp,eco_i,S0,40,14,0,0,0,21,0,0,0,0,0,0,0,0,0,0,1,1,67,3,0.5,0.41,0.25,0.26,0.11,0.81,0.41,8,140,0.54,0.29,0.5,0.7,0.48,0.64,0.2,0.32,mscan
123,tcp,domain,REJ,4185,5857,0,0,0,9,0,1,0,0,0,0,5,0,1,0,0,0,18,26,0.01,0.01,0.1,0.11,0.84,0.07,0.76,47,207,0.38,0.55,0.06,0.01,0.01,0.01,0.09,0.11,normal
48,icmp,http,SF,3513,9336,0,0,0,1,0,1,0,0,0,0,4,0,5,0,0,0,31,18,0.0,0.01,0.01,0.01,0.98,0.27,0.96,73,203,0.93,0.3,0.56,0.57,0.01,0.01,0.01,0.01,normal
5,tcp,eco_i,S0,12,55,1,1,0,10,0,0,0,0,0,0,0,0,0,0,0,1,138,274,0.92,1.03,0.12,0.12,0.92,0.1,0.23,192,221,0.19,0.59,0.38,0.77,0.81,0.78,0.09,0.11,land
78,icmp,ssh,S0,5959,1795,0,0,0,13,0,1,0,0,0,0,0,0,1,0,1,0,6,1,0.09,0.1,0.04,0.04,0.93,0.03,0.1,45,181,0.55,0.6,0.78,0.86,0.07,0.09,0.05,0.05,normal
124,icmp,domain,SF,6287,2827,0,0,0,15,0,1,0,0,0,0,3,0,2,0,0,0,9,18,0.03,0.03,0.05,0.06,0.72,0.13,0.72,253,100,0.46,0.14,0.01,0.4,0.04,0.03,0.06,0.05,normal
69,udp,ftp,REJ,3340,7898,0,0,0,25,0,1,0,0,0,0,3,0,4,0,0,0,21,12,0.1,0.09,0.1,0.09,0.79,0.21,0.79,186,58,0.93,0.2,1.0,0.18,0.11,0.07,0.11,0.12,normal
149,icmp,http,S0,8230,2330,0,0,0,19,0,1,0,0,0,0,0,0,3,0,1,0,41,20,0.02,0.02,0.07,0.07,0.91,0.24,0.92,214,18,0.79,0.36,0.9,0.54,0.03,0.02,0.08,0.07,normal
22,icmp,private,REJ,6597,5482,0,0,0,18,0,1,0,0,0,0,4,0,5,0,0,0,28,7,0.0,0.0,0.03,0.02,0.85,0.16,0.77,77,176,1.0,0.48,0.3,0.92,0.0,0.0,0.03,0.02,normal
105,icmp,ssh,S0,7851,1649,0,0,0,27,0,1,0,0,0,0,0,0,0,0,1,0,29,47,0.07,0.07,0.03,0.03,0.79,0.24,0.16,124,89,0.55,0.33,0.43,0.46,0.08,0.08,0.03,0.03,normal
101,udp,domain,S0,6420,122,0,0,0,5,0,1,0,0,0,0,0,0,4,0,1,0,46,14,0.02,0.02,0.08,0.07,0.94,0.02,0.26,250,160,0.6,0.61,0.59,0.35,0.02,0.02,0.09,0.08,normal
43,icmp,smtp,S0,1981,3958,0,0,0,12,0,1,0,0,0,0,1,0,4,0,1,0,20,8,0.02,0.02,0.07,0.07,0.85,0.13,0.69,88,85,0.49,0.14,0.31,0.45,0.01,0.02,0.05,0.05,normal
8,icmp,eco_i,RSTO,43,31,0,0,0,9,0,0,0,0,0,0,0,0,0,0,0,1,156,8,0.74,0.66,0.04,0.04,0.01,0.88,0.78,253,57,0.57,0.27,0.54,0.99,0.76,0.86,0.05,0.04,saint
217,tcp,private,REJ,4105,4927,0,0,0,6,0,1,0,0,0,0,0,0,1,0,1,0,3,29,0.03,0.03,0.09,0.09,0.73,0.26,0.43,71,105,0.81,0.81,0.57,0.53,0.03,0.02,0.11,0.08,normal
263,icmp,http,SF,6793,1021,0,0,0,12,0,1,0,0,0,0,1,0,5,0,1,0,18,42,0.01,0.01,0.09,0.09,0.77,0.21,0.63,192,231,0.08,0.79,0.77,0.4,0.01,0.01,0.11,0.08,normal
297,tcp,private,SF,7561,5919,0,0,0,10,0,1,0,0,0,0,2,0,2,0,0,0,5,35,0.04,0.04,0.1,0.1,0.95,0.15,0.34,24,23,0.1,0.78,0.46,0.12,0.05,0.04,0.07,0.12,normal
67,icmp,ftp,SF,4539,1579,0,0,0,9,0,1,0,0,0,0,3,0,5,0,0,0,42,24,0.03,0.02,0.04,0.03,0.97,0.05,0.1,109,244,0.08,0.59,0.52,0.45,0.02,0.02,0.03,0.05,normal
0,tcp,other,S0,93,13,0,0,0,4,0,0,0,0,0,0,0,0,0,0,0,0,260,288,0.98,0.99,0.03,0.02,0.95,0.08,0.65,225,179,0.72,0.63,0.15,0.41,1.09,1.19,0.02,0.02,teardrop
5,udp,eco_i,RSTOS0,40,17,0,1,0,24,0,0,0,0,0,0,0,0,0,0,0,1,241,430,0.82,0.72,0.11,0.12,0.92,0.06,0.19,200,151,0.65,0.78,0.79,0.24,0.76,0.69,0.12,0.08,pod
5,udp,private,RSTO,36,26,0,0,0,0,0,0,0,0,0,0,0,0,0,0,0,0,143,9,0.84,0.76,0.38,0.31,0.29,0.89,0.06,203,146,0.63,0.5,0.42,0.7,0.63,0.86,0.41,0.33,portsweep
261,tcp,smtp,REJ,5403,6451,0,0,0,30,0,1,0,0,0,0,3,0,5,0,0,0,38,41,0.08,0.06,0.06,0.05,0.89,0.09,0.43,232,28,0.31,0.74,0.74,0.12,0.09,0.09,0.05,0.08,normal
132,tcp,ftp,SF,4453,1984,0,0,0,2,0,1,0,0,0,0,4,0,5,0,1,0,50,2,0.03,0.03,0.04,0.04,0.86,0.08,0.5,85,188,0.16,0.77,0.89,0.67,0.03,0.04,0.03,0.05,normal
23,udp,ftp,S0,2508,2982,0,0,0,29,0,1,0,0,0,0,1,0,3,0,1,0,3,36,0.08,0.07,0.07,0.06,0.9,0.07,0.37,26,91,0.22,0.52,0.05,0.4,0.1,0.1,0.08,0.06,normal
233,tcp,ftp,SF,4827,9287,0,0,0,28,0,1,0,0,0,0,1,0,5,0,0,0,20,48,0.06,0.05,0.05,0.05,0.88,0.15,0.02,177,4,0.95,0.0,0.66,0.85,0.07,0.05,0.05,0.04,normal
30,tcp,private,S0,1574,769,0,0,0,16,0,1,0,0,0,0,4,0,0,0,0,0,15,34,0.04,0.04,0.09,0.09,0.84,0.22,0.59,31,222,0.66,0.13,0.29,0.85,0.05,0.04,0.11,0.08,normal
119,tcp,smtp,SF,9629,1835,0,0,0,9,0,1,0,0,0,0,1,0,3,0,1,0,10,7,0.02,0.01,0.05,0.04,0.82,0.16,0.16,155,20,0.22,0.86,0.15,0.71,0.02,0.02,0.03,0.04,normal
0,udp,eco_i,S0,6,29,0,0,0,6,0,0,0,0,0,0,0,0,0,0,1,1,76,3,0.56,0.6,0.03,0.04,0.23,0.61,0.08,132,38,0.02,0.06,0.9,0.44,0.44,0.7,0.04,0.03,ipsweep
236,tcp,smtp,REJ,7146,6521,0,0,0,14,0,1,0,0,0,0,2,0,2,0,0,0,32,2,0.04,0.03,0.04,0.04,0.81,0.27,0.25,151,255,0.41,0.55,0.06,0.28,0.03,0.03,0.05,0.04,normal
0,udp,eco_i,RSTOS0,69,100,0,3,0,7,0,0,0,0,0,0,0,0,0,0,0,1,276,389,0.9,0.74,0.08,0.09,0.84,0.03,0.53,119,81,0.1,0.66,0.27,0.82,1.13,0.66,0.1,0.06,pod
5,tcp,private,S0,37,20,0,0,0,18,0,0,0,0,0,0,0,0,0,0,0,0,256,6,0.96,1.09,0.01,0.02,0.21,0.97,0.97,158,89,0.49,0.09,0.23,0.22,0.97,0.67,0.02,0.01,satan
90,udp,http,SF,2470,9661,0,0,0,30,0,1,0,0,0,0,2,0,5,0,1,0,46,10,0.08,0.08,0.08,0.08,0.96,0.29,0.32,80,223,0.79,0.96,0.65,0.17,0.1,0.09,0.11,0.1,normal
89,udp,ftp,REJ,4875,2136,0,0,0,5,0,1,0,0,0,0,4,0,0,0,1,0,12,47,0.0,0.0,0.07,0.08,0.87,0.26,0.22,53,254,0.14,0.75,0.24,0.98,0.0,0.0,0.05,0.08,normal
3,tcp,http,RSTO,26,31,0,0,0,13,0,0,0,0,0,0,0,0,0,0,0,1,279,231,0.96,0.95,0.14,0.14,0.81,0.04,0.55,51,245,0.79,0.58,0.76,0.23,0.93,1.13,0.1,0.1,back
53,tcp,ftp,SF,6201,2686,0,0,0,22,0,1,0,0,0,0,4,0,3,0,0,0,47,5,0.05,0.05,0.09,0.1,0.73,0.18,0.61,222,80,0.05,0.33,0.97,0.41,0.06,0.07,0.09,0.1,normal
49,tcp,ssh,REJ,9055,8093,0,0,0,6,0,1,0,0,0,0,4,0,3,0,0,0,10,4,0.04,0.03,0.04,0.04,0.79,0.2,0.29,41,242,0.84,0.31,0.4,0.49,0.04,0.03,0.04,0.03,normal
2,udp,private,REJ,28,29,0,0,0,3,0,0,0,0,0,0,0,0,0,0,0,1,117,4,0.92,1.03,0.28,0.27,0.05,0.85,0.76,116,31,0.84,0.82,0.42,0.54,1.12,0.9,0.35,0.28,nmap
17,icmp,domain,REJ,9413,2465,0,0,0,1,0,1,0,0,0,0,1,0,1,0,1,0,8,49,0.04,0.04,0.09,0.1,0.75,0.06,0.2,75,132,0.32,0.73,0.81,0.09,0.05,0.05,0.12,0.1,normal
100,tcp,smtp,REJ,8661,800,0,0,0,25,0,0,0,0,0,0,9,0,1,0,1,1,14,2,0.12,0.14,0.04,0.04,0.54,0.43,0.65,242,19,0.17,0.4,0.62,0.68,0.12,0.12,0.05,0.05,warezclient
243,udp,ftp,SF,5585,5015,0,0,0,9,0,1,0,0,0,0,1,0,1,0,1,0,20,18,0.08,0.09,0.09,0.08,0.91,0.29,0.73,45,96,0.44,0.91,0.41,0.48,0.09,0.08,0.06,0.1,normal
259,udp,smtp,REJ,9367,524,0,0,0,22,0,1,0,0,0,0,0,0,2,0,0,0,12,13,0.09,0.08,0.02,0.02,0.72,0.01,0.51,63,15,0.24,0.49,0.45,0.96,0.09,0.09,0.02,0.02,normal
46,udp,http,S0,863,2719,0,0,0,13,0,1,0,0,0,0,2,0,5,0,0,0,37,50,0.1,0.11,0.09,0.1,0.89,0.2,0.68,242,67,0.65,0.6,0.01,0.25,0.11,0.09,0.11,0.09,normal
192,udp,ssh,S0,3625,7696,0,0,0,17,0,1,0,0,0,0,5,0,2,0,1,0,20,44,0.05,0.05,0.06,0.05,0.88,0.0,0.06,141,166,0.86,0.26,0.71,0.89,0.05,0.04,0.07,0.08,normal
6,icmp,eco_i,S0,46,1,0,0,0,1,0,0,0,0,0,0,0,0,0,0,0,1,217,8,1.0,1.09,0.13,0.12,0.13,0.69,0.53,243,183,0.51,0.85,0.84,0.88,0.81,0.76,0.1,0.11,saint
10,udp,other,SF,14,22,0,0,0,14,0,0,0,0,0,0,0,0,0,0,0,1,107,5,0.71,0.58,0.44,0.47,0.11,0.79,0.58,36,241,0.89,0.5,0.87,0.38,0.62,0.52,0.54,0.35,ipsweep
209,icmp,ssh,SF,5233,3004,0,0,0,8,0,1,0,0,0,0,0,0,3,0,0,0,50,6,0.05,0.05,0.06,0.05,0.75,0.19,0.76,250,45,0.13,0.43,0.43,0.43,0.05,0.03,0.06,0.07,normal
96,tcp,smtp,SF,393,692,0,0,0,9,0,1,1,0,0,0,1,0,0,0,1,0,1,4,0.07,0.07,0.26,0.27,0.42,0.23,0.52,222,68,0.34,0.9,0.36,0.19,0.09,0.08,0.25,0.22,phf
1,icmp,http,REJ,15,46,0,0,0,21,0,0,0,0,0,0,0,0,0,0,0,0,292,427,0.85,0.7,0.11,0.09,0.81,0.1,0.44,63,129,0.47,0.15,0.7,0.63,0.75,0.93,0.12,0.09,smurf
3,tcp,http,RSTO,14,100,0,0,0,11,0,0,0,0,0,0,0,0,0,0,1,1,354,201,0.92,0.8,0.16,0.16,0.97,0.1,0.91,246,169,0.23,0.01,0.09,0.11,0.96,0.92,0.2,0.18,smurf
51,udp,private,SF,7533,4900,0,0,0,10,0,1,0,0,0,0,2,0,5,0,1,0,17,30,0.01,0.01,0.08,0.07,0.96,0.26,0.76,23,4,0.85,0.66,0.17,0.36,0.0,0.01,0.1,0.06,normal
1,udp,eco_i,RSTO,17,24,0,0,0,22,0,0,0,0,0,0,0,0,0,0,0,0,226,8,0.9,0.76,0.32,0.38,0.24,0.56,0.48,224,92,0.61,0.78,0.61,0.86,1.11,1.02,0.4,0.32,ipsweep
210,udp,http,SF,4336,5198,0,0,0,27,0,1,0,0,0,0,1,0,5,0,1,0,1,46,0.09,0.09,0.05,0.06,0.92,0.22,0.62,221,127,0.48,0.66,0.64,0.15,0.1,0.11,0.06,0.04,normal
63,tcp,telnet,SF,8155,328,0,0,0,14,0,1,1,0,0,0,1,0,7,0,1,0,8,6,0.29,0.24,0.02,0.02,0.39,0.39,0.32,254,9,0.1,0.41,0.56,0.0,0.22,0.31,0.02,0.01,spy
105,icmp,private,S0,5634,6003,0,0,0,11,0,1,0,0,0,0,5,0,5,0,1,0,4,15,0.08,0.07,0.03,0.04,0.93,0.18,0.22,174,181,0.83,0.96,0.29,0.52,0.09,0.06,0.03,0.03,normal
3,tcp,eco_i,REJ,24,15,1,3,0,1,0,0,0,0,0,0,0,0,0,0,0,1,210,334,0.96,0.95,0.04,0.04,0.87,0.08,0.5,255,2,0.53,0.05,0.94,0.84,0.96,0.97,0.05,0.03,land
65,tcp,ssh,REJ,9889,9981,0,0,0,12,0,1,0,0,0,0,1,0,2,0,1,0,21,33,0.09,0.1,0.04,0.04,0.88,0.21,0.13,211,153,0.84,0.55,0.31,0.74,0.09,0.07,0.03,0.05,normal
1,icmp,private,RSTO,90,14,1,2,0,28,0,0,0,0,0,0,0,0,0,0,1,1,387,345,0.92,1.03,0.19,0.19,0.94,0.07,0.03,74,27,0.67,0.2,0.75,0.16,0.8,0.78,0.23,0.21,land
277,tcp,ftp,S0,1729,9255,0,0,0,22,0,1,0,0,0,0,5,0,2,0,0,0,15,48,0.06,0.08,0.04,0.04,0.85,0.24,0.96,160,27,0.01,0.25,0.62,0.78,0.08,0.08,0.05,0.04,normal
4,icmp,private,REJ,37,57,0,1,0,13,0,0,0,0,0,0,0,0,0,0,1,1,449,138,0.84,0.71,0.03,0.04,0.9,0.04,0.26,169,238,0.71,0.15,0.15,0.32,0.61,1.05,0.04,0.04,pod
293,icmp,ftp,SF,5257,8658,0,0,0,11,0,1,0,0,0,0,3,0,0,0,0,0,15,12,0.05,0.06,0.08,0.08,0.75,0.16,0.33,150,111,0.95,0.62,0.47,0.56,0.06,0.06,0.06,0.07,normal
124,tcp,private,S0,6298,1907,0,0,0,25,0,1,0,0,0,0,2,0,4,0,1,0,25,17,0.05,0.05,0.03,0.03,0.97,0.25,0.65,164,42,0.95,0.17,0.96,0.54,0.04,0.04,0.03,0.03,normal
1,tcp,other,RSTO,41,4,0,0,0,5,0,0,0,0,0,0,0,0,0,0,1,0,241,3,0.51,0.53,0.36,0.32,0.01,0.54,0.26,198,230,0.63,0.43,0.02,0.67,0.52,0.56,0.38,0.41,satan
37,udp,domain,SF,4798,4987,0,0,0,5,0,1,0,0,0,0,0,0,3,0,0,0,39,6,0.03,0.02,0.09,0.09,0.81,0.25,0.8,151,73,0.3,0.89,0.97,0.87,0.03,0.04,0.07,0.11,normal
21,tcp,domain,REJ,6506,8850,0,0,0,27,0,1,0,0,0,0,3,0,5,0,0,0,36,6,0.03,0.03,0.07,0.07,0.97,0.1,0.83,99,58,0.18,0.8,0.85,0.85,0.04,0.04,0.07,0.08,normal
34,udp,http,SF,9562,8032,0,0,0,15,0,1,0,0,0,0,1,0,2,0,1,0,22,23,0.01,0.01,0.07,0.07,0.73,0.19,0.69,78,186,0.81,0.96,0.17,0.31,0.02,0.01,0.07,0.06,normal
169,udp,ssh,S0,5927,5054,0,0,0,6,0,1,0,0,0,0,1,0,4,0,1,0,32,36,0.01,0.01,0.06,0.07,0.72,0.08,0.73,9,15,0.81,0.58,0.77,0.21,0.01,0.01,0.08,0.07,normal
2,udp,private,RSTO,17,59,0,0,0,19,0,0,0,0,0,0,0,0,0,0,0,0,303,286,0.9,0.88,0.13,0.12,0.97,0.08,0.95,74,247,0.94,0.04,0.76,0.23,0.77,0.76,0.15,0.13,smurf
3,udp,http,S0,83,41,0,0,0,18,0,0,0,0,0,0,0,0,0,0,0,1,460,366,0.93,0.98,0.05,0.05,0.95,0.06,0.65,39,128,0.38,0.91,0.52,0.35,1.13,0.92,0.05,0.06,teardrop
71,udp,smtp,SF,1313,8480,0,0,0,7,0,1,0,0,0,0,0,0,5,0,1,0,42,18,0.02,0.02,0.02,0.02,0.81,0.22,0.48,245,245,0.21,0.16,0.83,0.02,0.02,0.02,0.01,0.02,normal
293,tcp,http,SF,4281,2999,0,0,0,30,0,1,0,0,0,0,5,0,2,0,0,0,34,26,0.06,0.05,0.06,0.06,0.71,0.22,0.47,246,87,0.22,0.41,0.14,0.58,0.07,0.06,0.06,0.05,normal
4,icmp,http,REJ,48,49,0,1,0,4,0,0,0,0,0,0,0,0,0,0,0,0,155,108,0.84,0.83,0.17,0.18,0.9,0.04,0.04,60,47,0.48,0.13,0.6,0.83,1.04,0.98,0.19,0.17,teardrop
22,icmp,domain,S0,3809,7949,0,0,0,13,0,1,0,0,0,0,4,0,0,0,0,0,50,25,0.04,0.03,0.08,0.09,0.97,0.25,0.91,42,145,0.6,0.54,0.26,0.01,0.04,0.02,0.08,0.08,normal
105,icmp,ftp,S0,5985,1796,0,0,0,8,0,1,0,0,0,0,2,0,4,0,1,0,10,28,0.07,0.07,0.03,0.02,0.96,0.13,0.78,247,91,0.37,0.55,0.25,0.31,0.06,0.07,0.03,0.03,normal
1,udp,private,S0,27,65,1,3,0,12,0,0,0,0,0,0,0,0,0,0,0,0,502,273,0.96,1.08,0.12,0.12,0.94,0.01,0.6,45,32,0.26,0.37,0.61,0.72,1.21,0.9,0.13,0.11,land
99,tcp,telnet,REJ,8199,449,0,0,0,1,0,0,4,0,0,0,2,0,10,0,1,0,1,4,0.26,0.27,0.28,0.33,0.51,0.26,0.09,141,204,0.35,0.4,0.59,0.52,0.29,0.19,0.21,0.24,warezclient
5,udp,eco_i,S0,38,12,0,0,0,2,0,0,0,0,0,0,0,0,0,0,1,1,166,7,0.79,0.93,0.13,0.15,0.12,0.55,0.96,128,226,0.97,0.56,0.77,0.76,1.01,0.77,0.13,0.14,saint
59,udp,http,S0,3660,3817,0,0,0,2,0,1,0,0,0,0,1,0,2,0,1,0,21,27,0.1,0.1,0.05,0.06,0.7,0.25,0.08,91,243,0.31,0.22,0.57,0.18,0.11,0.12,0.04,0.06,normal
123,udp,smtp,SF,3372,4141,0,0,0,19,0,1,0,0,0,0,5,0,3,0,0,0,40,23,0.02,0.02,0.01,0.01,0.98,0.2,0.04,246,190,0.62,0.49,0.99,0.9,0.02,0.02,0.01,0.01,normal
113,icmp,smtp,SF,8663,6983,0,0,0,22,0,1,0,0,0,0,3,0,0,0,1,0,31,35,0.0,0.0,0.03,0.03,0.96,0.23,0.67,194,51,0.33,0.61,0.26,0.55,0.0,0.0,0.04,0.03,normal
107,udp,private,S0,6031,6613,0,0,0,8,0,1,0,0,0,0,0,0,5,0,0,0,18,29,0.02,0.02,0.01,0.01,0.87,0.07,0.2,76,242,0.81,0.18,0.5,1.0,0.02,0.02,0.01,0.02,normal
287,icmp,http,S0,1671,2726,0,0,0,11,0,1,0,0,0,0,2,0,2,0,1,0,4,14,0.08,0.08,0.05,0.06,0.89,0.13,0.26,10,210,0.12,0.87,0.96,0.2,0.09,0.09,0.04,0.06,normal
261,udp,private,S0,1334,6293,0,0,0,20,0,1,0,0,0,0,2,0,3,0,1,0,40,19,0.05,0.05,0.1,0.08,0.96,0.19,0.16,116,160,0.32,0.29,0.27,0.64,0.04,0.04,0.12,0.09,normal
230,udp,smtp,SF,428,2098,0,0,0,3,0,1,0,0,0,0,1,0,3,0,0,0,47,16,0.07,0.05,0.09,0.11,0.91,0.02,0.55,13,203,0.52,1.0,0.1,0.62,0.05,0.08,0.09,0.08,normal
5,tcp,private,REJ,3,4,0,2,0,4,0,0,0,0,0,0,0,0,0,0,0,1,266,343,0.89,0.94,0.17,0.18,0.99,0.05,0.56,158,177,0.48,0.23,0.09,0.31,0.85,0.71,0.12,0.18,teardrop
2,udp,other,S0,88,62,0,3,0,17,0,0,0,0,0,0,0,0,0,0,1,0,253,104,0.95,0.92,0.16,0.16,0.92,0.08,0.39,83,199,0.83,0.22,0.08,0.63,0.96,1.12,0.17,0.18,smurf
272,udp,ssh,SF,1171,3038,0,0,0,10,0,1,0,0,0,0,3,0,1,0,0,0,9,19,0.01,0.01,0.05,0.05,0.84,0.21,0.02,52,144,0.27,0.72,0.73,0.23,0.01,0.01,0.04,0.04,normal
3,tcp,http,RSTO,10,96,0,1,0,26,0,0,0,0,0,0,0,0,0,0,1,1,128,236,0.96,1.08,0.01,0.01,0.89,0.02,0.77,127,197,0.77,0.44,0.74,0.03,0.93,1.11,0.01,0.02,back
159,udp,smtp,REJ,741,9054,0,0,0,3,0,1,0,0,0,0,5,0,1,0,0,0,34,8,0.03,0.03,0.06,0.06,0.76,0.27,0.17,141,61,0.4,0.24,0.97,0.58,0.03,0.03,0.05,0.07,normal
255,tcp,private,REJ,5594,1033,0,0,0,17,0,1,0,0,0,0,1,0,2,0,1,0,4,23,0.06,0.07,0.07,0.07,0.94,0.04,0.19,193,183,0.72,0.25,0.04,0.71,0.07,0.07,0.07,0.07,normal
165,icmp,ssh,S0,9858,9135,0,0,0,24,0,1,0,0,0,0,3,0,0,0,1,0,11,5,0.05,0.06,0.04,0.05,0.95,0.16,0.62,186,122,0.32,0.06,0.97,0.82,0.04,0.06,0.05,0.04,normal
209,icmp,ftp,SF,1627,8622,0,0,0,6,0,1,0,0,0,0,0,0,3,0,0,0,43,5,0.0,0.0,0.09,0.1,0.75,0.01,0.39,250,131,0.05,0.22,0.72,0.01,0.01,0.0,0.12,0.11,normal
31,udp,domain,REJ,6864,6096,0,0,0,30,0,1,0,0,0,0,2,0,0,0,0,0,46,4,0.08,0.1,0.03,0.02,0.71,0.02,0.73,197,97,0.19,0.66,0.57,0.95,0.09,0.09,0.03,0.03,normal
234,icmp,private,S0,1755,2783,0,0,0,28,0,1,0,0,0,0,3,0,2,0,1,0,12,36,0.04,0.04,0.03,0.04,0.75,0.3,0.84,211,220,0.83,0.32,0.24,0.55,0.04,0.04,0.04,0.03,normal
203,tcp,private,SF,4710,9810,0,0,0,0,0,1,0,0,0,0,1,0,2,0,1,0,2,34,0.01,0.02,0.09,0.09,0.7,0.3,0.57,79,48,0.04,0.36,0.14,0.37,0.01,0.01,0.11,0.07,normal
111,icmp,http,REJ,5369,7955,0,0,0,9,0,1,0,0,0,0,4,0,5,0,0,0,12,32,0.08,0.09,0.07,0.07,0.87,0.27,0.08,28,171,0.35,0.82,0.42,0.87,0.1,0.07,0.08,0.07,normal
195,tcp,ftp,REJ,724,5281,0,0,0,14,0,1,0,0,0,0,5,0,3,0,0,0,35,37,0.01,0.01,0.05,0.05,0.77,0.02,0.39,67,172,0.08,0.57,0.05,0.4,0.01,0.01,0.06,0.04,normal
286,tcp,ssh,S0,9410,3262,0,0,0,21,0,1,0,0,0,0,3,0,2,0,0,0,36,40,0.1,0.08,0.05,0.05,0.77,0.08,0.37,97,164,0.34,0.66,0.77,0.17,0.09,0.12,0.06,0.06,normal
119,tcp,private,S0,2605,1455,0,0,0,10,0,1,0,0,0,0,2,0,0,0,0,0,8,48,0.01,0.01,0.09,0.09,0.98,0.26,0.33,108,104,0.55,0.75,0.55,0.62,0.01,0.01,0.1,0.09,normal
32,tcp,telnet,SF,4753,205,0,0,0,27,0,1,5,0,0,0,10,0,5,0,0,0,20,5,0.02,0.01,0.2,0.23,0.3,0.32,0.65,118,194,0.51,0.71,0.9,0.48,0.02,0.01,0.16,0.25,warezclient
11,tcp,smtp,REJ,5045,5515,0,0,0,16,0,1,0,0,0,0,2,0,1,0,1,0,32,26,0.07,0.08,0.0,0.0,0.91,0.11,0.88,15,143,0.23,0.34,0.39,0.14,0.08,0.08,0.0,0.0,normal
1,icmp,private,RSTOS0,39,77,0,2,0,6,0,0,0,0,0,0,0,0,0,0,0,1,329,377,0.83,0.89,0.13,0.15,0.92,0.07,0.91,220,74,0.66,0.56,0.16,0.07,0.84,0.94,0.11,0.16,teardrop
15,udp,ssh,S0,5020,7308,0,0,0,24,0,1,0,0,0,0,1,0,0,0,1,0,48,41,0.09,0.1,0.03,0.03,0.93,0.03,0.6,118,13,0.36,0.69,0.48,0.5,0.1,0.11,0.03,0.03,normal
70,tcp,smtp,SF,578,6744,0,0,0,2,0,1,0,0,0,0,1,0,1,0,0,0,49,1,0.09,0.11,0.1,0.11,0.77,0.2,0.87,250,166,0.87,0.89,0.43,0.78,0.1,0.11,0.11,0.09,normal
66,tcp,ftp,S0,7585,846,0,0,0,12,0,0,1,0,0,0,4,0,7,0,1,1,2,4,0.16,0.15,0.12,0.12,0.59,0.37,0.61,27,72,0.46,0.65,0.09,0.5,0.13,0.16,0.15,0.12,warezclient
165,udp,http,SF,7483,9721,0,0,0,22,0,1,0,0,0,0,5,0,1,0,0,0,46,13,0.09,0.07,0.01,0.01,0.8,0.19,0.63,43,196,0.73,0.98,0.61,0.16,0.09,0.06,0.01,0.01,normal
2,tcp,private,SF,26,19,0,0,0,0,0,0,0,0,0,0,0,0,0,0,1,0,129,8,0.64,0.63,0.09,0.1,0.27,0.98,0.54,2,252,0.24,0.59,0.48,0.41,0.48,0.68,0.08,0.09,ipsweep
1,tcp,private,REJ,7,83,0,2,0,29,0,0,0,0,0,0,0,0,0,0,0,0,118,174,0.97,0.82,0.13,0.16,0.97,0.03,0.16,145,90,0.97,0.75,0.36,0.04,1.13,0.87,0.17,0.16,pod
0,udp,other,REJ,15,88,0,2,0,18,0,0,0,0,0,0,0,0,0,0,0,1,268,369,0.88,0.96,0.04,0.04,0.84,0.01,0.79,147,218,0.61,0.32,0.53,1.0,0.81,0.69,0.04,0.04,pod
1,icmp,private,RSTO,24,0,0,0,0,13,0,0,0,0,0,0,0,0,0,0,1,0,112,338,0.93,0.86,0.02,0.02,0.97,0.08,0.64,5,103,0.69,0.25,0.07,0.3,0.95,1.07,0.02,0.02,teardrop
291,icmp,http,SF,3228,5465,0,0,0,14,0,1,0,0,0,0,1,0,5,0,1,0,22,44,0.05,0.05,0.05,0.05,0.71,0.04,0.93,28,153,0.56,0.68,0.56,0.02,0.05,0.04,0.06,0.06,normal
76,udp,http,S0,6197,8803,0,0,0,27,0,1,0,0,0,0,2,0,5,0,1,0,11,37,0.06,0.07,0.02,0.02,0.74,0.23,0.09,121,190,0.45,0.95,0.22,0.3,0.05,0.07,0.02,0.02,normal
12,udp,domain,SF,3166,5622,0,0,0,21,0,1,0,0,0,0,0,0,4,0,0,0,31,47,0.09,0.08,0.03,0.03,0.8,0.23,0.39,59,2,0.31,0.04,0.85,0.87,0.08,0.11,0.02,0.04,normal
4,tcp,eco_i,REJ,41,25,0,1,0,5,0,0,0,0,0,0,0,0,0,0,1,0,246,241,0.91,0.73,0.15,0.16,0.93,0.03,0.51,105,179,0.55,0.27,0.94,0.8,0.95,0.73,0.14,0.19,neptune
25,tcp,http,S0,876,1785,0,0,0,22,0,1,0,0,0,0,5,0,5,0,1,0,25,4,0.01,0.01,0.04,0.04,0.91,0.27,0.82,40,238,0.57,0.09,0.8,0.7,0.01,0.01,0.04,0.05,normal
114,tcp,domain,S0,6004,6473,0,0,0,2,0,1,0,0,0,0,3,0,0,0,1,0,12,45,0.09,0.08,0.03,0.03,0.96,0.1,0.85,144,178,0.6,0.13,0.1,0.82,0.11,0.08,0.04,0.04,normal
205,icmp,ssh,SF,4042,9027,0,0,0,25,0,1,0,0,0,0,3,0,4,0,1,0,11,31,0.04,0.04,0.03,0.03,0.94,0.18,0.66,39,249,0.11,0.6,0.33,0.1,0.04,0.03,0.03,0.04,normal
3,udp,other,S0,11,27,0,1,0,17,0,0,0,0,0,0,0,0,0,0,1,1,397,486,0.93,0.97,0.0,0.0,0.83,0.01,0.21,162,153,0.57,0.91,0.3,0.94,0.89,1.2,0.0,0.0,pod
261,udp,smtp,S0,1072,6099,0,0,0,7,0,1,0,0,0,0,2,0,0,0,1,0,36,4,0.0,0.0,0.06,0.05,0.99,0.03,0.32,195,207,0.38,0.55,0.66,0.47,0.0,0.0,0.07,0.07,normal
64,tcp,http,SF,307,2409,0,0,0,28,0,1,0,0,0,0,3,0,3,0,1,0,47,32,0.07,0.07,0.1,0.1,0.74,0.04,0.42,230,196,0.36,0.19,0.6,0.58,0.08,0.06,0.1,0.09,normal
187,tcp,http,REJ,7967,6088,0,0,0,16,0,1,0,0,0,0,2,0,3,0,0,0,8,38,0.05,0.05,0.07,0.07,0.74,0.22,0.25,39,159,0.61,0.9,0.54,0.01,0.05,0.06,0.07,0.06,normal
150,udp,smtp,SF,9841,5031,0,0,0,25,0,1,0,0,0,0,5,0,2,0,0,0,47,37,0.03,0.02,0.06,0.05,0.87,0.17,0.51,142,129,0.13,0.28,0.86,0.01,0.02,0.02,0.07,0.05,normal
89,udp,private,SF,7994,3012,0,0,0,24,0,1,0,0,0,0,1,0,3,0,1,0,34,3,0.03,0.04,0.01,0.01,0.74,0.28,0.44,85,107,0.58,0.84,0.05,0.26,0.04,0.03,0.01,0.01,normal
272,tcp,ssh,REJ,6440,7825,0,0,0,10,0,1,0,0,0,0,3,0,5,0,0,0,17,10,0.05,0.04,0.04,0.04,0.79,0.24,0.35,221,139,0.33,0.27,0.1,0.65,0.05,0.06,0.05,0.05,normal
99,icmp,ftp,REJ,2997,5182,0,0,0,14,0,1,0,0,0,0,0,0,5,0,1,0,36,1,0.07,0.06,0.08,0.08,0.7,0.03,0.19,12,47,0.06,0.59,0.89,0.22,0.07,0.05,0.11,0.06,normal
5,icmp,private,S0,89,23,0,2,0,24,0,0,0,0,0,0,0,0,0,0,1,1,250,339,0.93,0.84,0.02,0.02,0.89,0.1,0.28,31,195,0.39,1.0,0.26,0.81,0.75,0.69,0.02,0.01,teardrop
251,tcp,smtp,REJ,7115,3628,0,0,0,23,0,1,0,0,0,0,0,0,4,0,1,0,40,42,0.01,0.01,0.04,0.04,0.78,0.01,0.5,0,19,0.66,0.27,0.7,0.9,0.01,0.01,0.06,0.04,normal
35,icmp,smtp,SF,6348,7948,0,0,0,30,0,1,0,0,0,0,0,0,5,0,0,0,8,37,0.05,0.05,0.1,0.11,0.8,0.09,0.34,235,148,0.65,0.18,0.04,0.38,0.04,0.06,0.12,0.11,normal
43,icmp,ssh,REJ,3154,2342,0,0,0,9,0,1,0,0,0,0,4,0,5,0,1,0,3,13,0.0,0.0,0.1,0.11,0.77,0.12,0.45,8,18,0.34,0.34,0.72,0.41,0.0,0.0,0.1,0.13,normal
2,icmp,other,S0,4,2,0,0,0,7,0,0,0,0,0,0,0,0,0,0,0,0,238,3,0.74,0.65,0.01,0.01,0.27,0.81,0.31,49,233,0.61,0.84,0.06,0.82,0.57,0.79,0.01,0.01,saint
172,icmp,private,S0,5362,2029,0,0,0,5,0,1,0,0,0,0,0,0,4,0,1,0,44,37,0.05,0.05,0.03,0.03,0.99,0.06,0.76,86,189,0.55,0.44,0.93,0.04,0.04,0.07,0.03,0.04,normal
249,tcp,http,SF,2989,1510,0,0,0,4,0,1,0,0,0,0,3,0,5,0,0,0,46,42,0.06,0.05,0.03,0.03,0.91,0.24,0.45,122,89,0.61,0.04,0.18,0.5,0.08,0.06,0.03,0.03,normal
120,tcp,http,REJ,1617,5979,0,0,0,3,0,1,0,0,0,0,0,0,1,0,0,0,49,35,0.05,0.05,0.05,0.06,0.89,0.06,0.47,90,81,0.67,0.04,0.64,0.29,0.05,0.05,0.05,0.05,normal
26,icmp,smtp,SF,526,7997,0,0,0,23,0,1,0,0,0,0,3,0,1,0,1,0,33,8,0.01,0.01,0.02,0.02,0.83,0.17,0.23,121,211,0.87,0.38,0.22,0.47,0.01,0.01,0.02,0.03,normal
198,udp,smtp,S0,3231,5925,0,0,0,14,0,1,0,0,0,0,0,0,3,0,1,0,18,13,0.03,0.03,0.0,0.0,0.87,0.08,0.89,80,87,0.58,0.55,0.23,0.41,0.03,0.04,0.0,0.0,normal
7,icmp,ssh,REJ,4091,4110,0,0,0,13,0,1,0,0,0,0,4,0,0,0,0,0,21,28,0.06,0.05,0.09,0.09,0.88,0.04,0.77,17,217,0.53,0.48,0.8,0.82,0.06,0.05,0.09,0.06,normal
1,udp,eco_i,REJ,82,11,0,0,0,0,0,0,0,0,0,0,0,0,0,0,1,1,345,442,0.86,0.95,0.14,0.16,0.97,0.07,0.41,189,237,0.7,0.0,0.63,0.38,0.96,0.88,0.12,0.16,smurf
4,icmp,private,S0,79,42,0,0,0,1,0,0,0,0,0,0,0,0,0,0,1,1,363,445,0.87,0.76,0.01,0.01,0.88,0.05,0.07,104,70,0.98,0.24,0.11,0.48,1.1,0.91,0.01,0.01,pod
2,udp,eco_i,RSTOS0,35,6,0,0,0,17,0,0,0,0,0,0,0,0,0,0,1,1,290,276,0.89,0.93,0.1,0.11,0.97,0.05,0.95,33,96,0.89,0.46,0.08,0.9,0.78,1.13,0.08,0.09,smurf
1,tcp,http,RSTO,53,87,0,1,0,0,0,0,0,0,0,0,0,0,0,0,0,1,342,277,0.88,0.85,0.15,0.14,0.8,0.02,0.65,167,248,0.59,0.7,0.84,0.45,0.78,0.69,0.17,0.12,teardrop
247,udp,ftp,SF,2480,5835,0,0,0,26,0,1,0,0,0,0,1,0,1,0,0,0,19,30,0.1,0.08,0.06,0.05,0.75,0.16,0.99,64,225,0.26,0.18,0.56,0.03,0.09,0.09,0.06,0.06,normal
154,tcp,http,S0,8232,2431,0,0,0,9,0,1,0,0,0,0,5,0,5,0,1,0,30,21,0.02,0.02,0.1,0.12,0.86,0.15,0.75,75,226,0.34,0.11,0.48,0.04,0.02,0.01,0.07,0.1,normal
182,tcp,ftp,SF,3247,9608,0,0,0,21,0,1,0,0,0,0,3,0,5,0,0,0,34,15,0.08,0.09,0.08,0.07,0.76,0.03,0.49,28,184,0.4,0.72,0.43,0.39,0.06,0.07,0.07,0.07,normal
110,icmp,ssh,REJ,6859,7299,0,0,0,19,0,1,0,0,0,0,1,0,4,0,0,0,19,11,0.08,0.07,0.1,0.09,0.83,0.27,0.99,171,33,0.93,0.59,0.38,0.01,0.09,0.07,0.08,0.09,normal
70,tcp,smtp,S0,4792,9124,0,0,0,7,0,1,0,0,0,0,5,0,3,0,0,0,32,3,0.08,0.09,0.03,0.03,0.88,0.15,0.3,241,63,0.65,0.89,0.42,0.49,0.09,0.07,0.02,0.03,normal
153,tcp,ssh,SF,4860,4036,0,0,0,10,0,1,6,0,1,21,19,0,5,0,1,0,10,7,0.17,0.2,0.13,0.11,0.74,0.21,0.16,139,184,0.42,0.91,0.36,0.29,0.18,0.22,0.13,0.15,buffer_overflow
48,icmp,smtp,REJ,5335,5230,0,0,0,0,0,1,0,0,0,0,2,0,1,0,0,0,44,20,0.03,0.03,0.07,0.07,0.81,0.16,0.48,174,83,0.1,0.15,0.22,0.19,0.03,0.03,0.08,0.07,normal
282,icmp,http,S0,7594,1301,0,0,0,16,0,1,0,0,0,0,3,0,4,0,1,0,8,9,0.09,0.08,0.05,0.04,0.79,0.11,0.74,60,113,0.13,0.69,0.69,0.31,0.08,0.12,0.05,0.06,normal
9,udp,ssh,SF,3267,1816,0,0,0,21,0,1,0,0,0,0,0,0,2,0,0,0,3,43,0.05,0.06,0.01,0.01,0.74,0.08,0.92,105,102,0.18,0.35,0.09,0.85,0.06,0.07,0.01,0.0,normal
123,icmp,domain,SF,1673,9522,0,0,0,23,0,1,0,0,0,0,4,0,0,0,0,0,49,1,0.05,0.06,0.07,0.08,0.99,0.05,0.85,243,187,0.7,0.19,0.67,0.11,0.06,0.07,0.07,0.07,normal
160,tcp,ssh,SF,8565,2276,0,0,0,12,0,1,0,0,0,0,3,0,0,0,1,0,32,49,0.04,0.04,0.03,0.03,0.92,0.02,0.69,227,115,0.55,0.29,0.86,0.19,0.03,0.04,0.03,0.03,normal
251,icmp,http,S0,7227,8613,0,0,0,29,0,1,0,0,0,0,0,0,5,0,0,0,43,44,0.01,0.01,0.01,0.02,0.82,0.18,0.34,206,62,0.23,0.42,0.5,0.76,0.01,0.01,0.02,0.02,normal
60,tcp,smtp,S0,8038,523,0,0,0,26,0,0,0,0,0,0,1,0,0,0,0,1,9,3,0.23,0.25,0.03,0.04,0.4,0.35,0.38,167,78,0.3,0.62,0.76,0.66,0.23,0.23,0.03,0.03,phf
258,udp,domain,S0,8906,9005,0,0,0,14,0,1,0,0,0,0,2,0,3,0,1,0,2,49,0.0,0.0,0.04,0.04,0.97,0.12,0.66,155,84,0.49,0.13,0.72,0.49,0.0,0.0,0.05,0.05,normal
243,icmp,smtp,REJ,963,6462,0,0,0,1,0,1,0,0,0,0,2,0,2,0,0,0,17,32,0.06,0.06,0.04,0.03,0.9,0.23,0.37,13,174,0.38,0.43,0.99,0.41,0.04,0.05,0.03,0.03,normal
33,udp,http,S0,2831,372,0,0,0,0,0,1,0,0,0,0,3,0,2,0,1,0,35,21,0.0,0.0,0.07,0.08,0.83,0.15,0.38,199,165,0.57,0.81,0.1,0.68,0.0,0.0,0.08,0.06,normal
3,tcp,private,RSTOS0,81,100,0,0,0,7,0,0,0,0,0,0,0,0,0,0,0,0,374,209,0.86,0.89,0.01,0.01,1.0,0.04,0.57,243,218,0.21,0.8,0.65,0.3,1.01,0.82,0.01,0.01,back
263,udp,private,REJ,3008,354,0,0,0,8,0,1,0,0,0,0,5,0,3,0,1,0,41,46,0.05,0.06,0.02,0.02,0.85,0.2,0.06,102,186,0.46,0.24,0.75,0.77,0.06,0.05,0.02,0.02,normal
2,udp,private,RSTO,87,76,0,1,0,14,0,0,0,0,0,0,0,0,0,0,1,1,307,222,0.82,0.8,0.04,0.04,0.85,0.08,0.2,139,69,0.03,0.79,0.28,0.55,0.89,0.6,0.04,0.04,teardrop
42,udp,domain,S0,1091,6718,0,0,0,3,0,1,0,0,0,0,1,0,1,0,0,0,24,43,0.07,0.07,0.01,0.01,0.98,0.22,0.95,128,254,0.88,0.24,0.12,0.81,0.06,0.07,0.01,0.01,normal
216,tcp,smtp,SF,2919,3557,0,0,0,10,0,1,0,0,0,0,5,0,0,0,1,0,18,29,0.04,0.04,0.09,0.08,0.72,0.16,0.28,74,185,0.48,0.37,0.31,0.65,0.05,0.03,0.1,0.1,normal
122,udp,domain,S0,5117,5995,0,0,0,9,0,1,0,0,0,0,3,0,2,0,0,0,44,8,0.05,0.06,0.02,0.03,0.83,0.0,0.3,82,224,0.63,0.88,0.77,0.41,0.04,0.07,0.03,0.03,normal
211,udp,private,S0,1694,2677,0,0,0,14,0,1,0,0,0,0,5,0,2,0,0,0,45,17,0.05,0.06,0.04,0.04,0.88,0.24,0.18,227,69,0.0,0.2,0.31,0.58,0.04,0.04,0.04,0.04,normal
4,icmp,other,RSTO,57,61,0,1,0,13,0,0,0,0,0,0,0,0,0,0,1,0,233,188,0.94,0.9,0.17,0.16,0.96,0.02,0.83,114,10,0.95,0.92,0.65,0.63,1.17,1.2,0.14,0.19,smurf
205,icmp,ssh,REJ,4312,2495,0,0,0,15,0,1,0,0,0,0,3,0,5,0,0,0,6,24,0.02,0.02,0.06,0.05,0.7,0.16,0.95,136,147,0.75,0.38,0.43,0.21,0.01,0.02,0.06,0.05,normal
74,tcp,ftp,S0,3908,7438,0,0,0,12,0,1,0,0,0,0,2,0,5,0,0,0,16,24,0.06,0.06,0.06,0.07,0.73,0.14,0.74,131,37,0.1,0.06,0.33,0.23,0.07,0.08,0.08,0.08,normal
23,tcp,ftp,REJ,6291,5006,0,0,0,16,0,1,0,0,0,0,2,0,1,0,1,0,26,43,0.04,0.04,0.1,0.11,0.87,0.17,0.13,162,221,0.14,0.12,0.04,0.13,0.05,0.04,0.11,0.12,normal
134,icmp,ftp,REJ,5178,7189,0,0,0,25,0,1,0,0,0,0,5,0,5,0,1,0,11,21,0.07,0.06,0.05,0.04,0.99,0.17,0.23,18,240,0.26,0.71,0.44,1.0,0.09,0.05,0.04,0.06,normal
252,tcp,private,SF,2075,5777,0,0,0,28,0,1,0,0,0,0,2,0,4,0,0,0,6,14,0.09,0.09,0.02,0.02,0.75,0.15,0.53,92,213,0.92,0.25,0.5,0.09,0.08,0.08,0.02,0.01,normal
54,udp,smtp,SF,1378,7590,0,0,0,20,0,1,0,0,0,0,2,0,0,0,1,0,46,43,0.05,0.04,0.06,0.07,0.78,0.2,0.73,66,108,0.86,0.8,0.28,0.8,0.06,0.05,0.07,0.05,normal
122,udp,http,SF,3461,2719,0,0,0,25,0,1,0,0,0,0,2,0,3,0,1,0,25,50,0.04,0.04,0.06,0.08,0.99,0.05,0.9,67,183,0.67,0.83,0.51,0.49,0.05,0.04,0.07,0.06,normal
4,tcp,private,RSTOS0,80,54,0,0,0,4,0,0,0,0,0,0,0,0,0,0,1,0,120,362,0.87,0.8,0.09,0.09,0.84,0.07,0.91,244,153,0.15,0.13,0.9,0.84,0.88,0.76,0.07,0.07,back
55,icmp,ssh,S0,1598,7662,0,0,0,3,0,1,0,0,0,0,4,0,0,0,1,0,43,47,0.06,0.05,0.03,0.02,0.78,0.02,0.39,42,213,0.88,0.3,0.59,0.45,0.06,0.06,0.02,0.03,normal
3,tcp,private,REJ,43,6,0,0,0,14,0,0,0,0,0,0,0,0,0,0,1,1,161,9,0.51,0.47,0.2,0.22,0.0,0.83,0.62,202,154,0.09,0.14,0.19,0.82,0.57,0.41,0.14,0.2,ipsweep
123,udp,private,REJ,3177,1460,0,0,0,22,0,1,0,0,0,0,1,0,5,0,1,0,20,50,0.05,0.05,0.05,0.05,0.71,0.05,0.86,124,103,0.29,0.83,0.39,0.33,0.04,0.06,0.05,0.05,normal
296,icmp,private,REJ,4814,656,0,0,0,22,0,1,0,0,0,0,3,0,1,0,0,0,32,26,0.05,0.05,0.06,0.06,0.88,0.2,0.32,32,137,0.89,0.42,0.47,0.49,0.06,0.04,0.07,0.04,normal
98,udp,ftp,S0,3852,8367,0,0,0,4,0,1,0,0,0,0,5,0,3,0,1,0,15,38,0.09,0.1,0.03,0.03,0.88,0.25,0.42,184,241,0.8,0.84,0.62,0.28,0.1,0.1,0.03,0.03,normal
3,tcp,other,RSTO,30,26,0,0,0,28,0,0,0,0,0,0,0,0,0,0,0,0,109,283,0.98,0.91,0.07,0.06,0.83,0.08,0.23,114,249,0.26,0.34,0.36,0.05,1.2,0.84,0.06,0.08,neptune
53,icmp,http,S0,7539,1867,0,0,0,5,0,1,0,0,0,0,4,0,0,0,0,0,7,40,0.06,0.07,0.09,0.1,0.73,0.17,0.16,149,226,0.76,0.5,0.87,0.15,0.06,0.07,0.07,0.07,normal
31,tcp,http,S0,4798,517,0,0,0,25,0,0,1,0,0,0,8,0,6,0,0,0,6,2,0.08,0.09,0.21,0.21,0.47,0.39,0.41,234,185,0.94,0.44,0.77,0.72,0.08,0.06,0.19,0.2,warezclient
0,udp,http,REJ,73,7,0,2,0,10,0,0,0,0,0,0,0,0,0,0,1,0,314,305,0.98,1.1,0.14,0.16,0.97,0.07,0.61,75,206,0.45,0.21,0.54,0.79,1.07,1.09,0.17,0.16,teardrop
101,udp,http,SF,8855,5530,0,0,0,16,0,1,0,0,0,0,1,0,0,0,1,0,25,47,0.07,0.07,0.09,0.1,0.86,0.16,0.16,14,132,0.24,0.77,0.73,0.99,0.06,0.05,0.08,0.09,normal
24,icmp,http,S0,4931,9428,0,0,0,28,0,1,0,0,0,0,4,0,5,0,0,0,48,1,0.05,0.04,0.1,0.09,0.94,0.3,0.78,71,193,0.52,0.25,0.33,0.58,0.05,0.04,0.07,0.11,normal
1,tcp,eco_i,S0,30,13,0,0,0,12,0,0,0,0,0,0,0,0,0,0,1,1,164,2,0.68,0.72,0.26,0.32,0.18,0.76,0.69,250,213,0.82,0.14,0.13,0.71,0.53,0.77,0.32,0.2,portsweep
242,tcp,private,SF,9209,6101,0,0,0,3,0,1,0,0,0,0,4,0,1,0,1,0,8,39,0.09,0.08,0.01,0.01,0.81,0.09,0.29,14,73,0.14,0.59,0.05,0.89,0.11,0.07,0.01,0.01,normal
178,tcp,http,S0,7933,9439,0,0,0,24,0,1,0,0,0,0,4,0,1,0,0,0,20,37,0.05,0.05,0.03,0.03,0.81,0.25,0.45,229,76,0.87,0.33,0.8,0.66,0.04,0.04,0.03,0.03,normal
94,tcp,ftp_data,REJ,1550,886,0,0,0,6,0,0,5,0,0,0,8,0,1,0,0,0,6,1,0.17,0.19,0.24,0.24,0.58,0.37,0.02,92,9,0.27,0.21,0.83,0.84,0.18,0.13,0.24,0.21,spy
251,tcp,ftp,S0,3007,6848,0,0,0,4,0,1,0,0,0,0,1,0,2,0,0,0,2,34,0.03,0.03,0.03,0.02,0.73,0.03,0.31,208,86,0.06,0.96,0.18,0.71,0.03,0.02,0.02,0.03,normal
61,tcp,smtp,SF,9831,9651,0,0,0,17,0,1,0,0,0,0,2,0,3,0,1,0,16,32,0.05,0.04,0.05,0.04,0.98,0.08,0.63,9,137,0.55,0.59,0.1,0.76,0.06,0.04,0.05,0.05,normal
3,tcp,eco_i,S0,50,15,0,0,0,30,0,0,0,0,0,0,0,0,0,0,1,0,187,7,0.98,0.78,0.28,0.33,0.01,0.91,0.48,128,194,1.0,0.84,0.21,0.84,0.85,0.78,0.28,0.21,saint
62,tcp,private,REJ,4628,7127,0,0,0,24,0,1,0,0,0,0,5,0,2,0,1,0,14,40,0.05,0.05,0.08,0.09,0.97,0.28,0.32,107,235,0.96,0.33,0.91,0.13,0.06,0.05,0.06,0.06,normal
284,icmp,private,S0,6485,8866,0,0,0,3,0,1,0,0,0,0,3,0,5,0,1,0,6,42,0.07,0.08,0.05,0.05,0.97,0.24,0.6,198,90,0.84,0.81,0.98,0.12,0.06,0.05,0.04,0.06,normal
5,udp,private,S0,78,80,1,2,0,28,0,0,0,0,0,0,0,0,0,0,0,0,467,213,0.85,0.74,0.1,0.11,0.87,0.03,0.4,142,252,0.17,0.19,0.74,0.67,0.9,0.68,0.1,0.11,land
291,tcp,domain,REJ,4544,3193,0,0,0,0,0,1,0,0,0,0,4,0,3,0,1,0,44,2,0.1,0.1,0.07,0.08,0.86,0.08,0.05,165,221,0.84,0.41,0.12,0.52,0.1,0.1,0.05,0.08,normal
215,icmp,ssh,S0,134,6470,0,0,0,30,0,1,0,0,0,0,5,0,3,0,0,0,13,22,0.01,0.01,0.06,0.05,0.71,0.22,0.33,32,49,0.03,0.43,0.02,0.8,0.01,0.01,0.05,0.06,normal
42,tcp,smtp,SF,1294,794,0,0,0,28,0,0,0,0,0,0,6,0,5,0,0,0,20,10,0.13,0.11,0.03,0.03,0.48,0.24,0.05,221,33,0.1,0.06,0.05,0.85,0.12,0.14,0.03,0.03,warezclient
0,udp,other,RSTOS0,54,79,0,0,0,6,0,0,0,0,0,0,0,0,0,0,0,0,273,433,0.99,0.79,0.16,0.17,0.89,0.03,0.59,99,64,0.64,0.26,0.42,0.72,0.95,0.84,0.18,0.12,pod
223,icmp,private,S0,5148,9612,0,0,0,18,0,1,0,0,0,0,0,0,4,0,0,0,35,50,0.01,0.01,0.05,0.05,0.88,0.09,0.84,27,216,0.34,0.98,0.64,0.2,0.01,0.01,0.05,0.05,normal
169,icmp,domain,S0,4959,6909,0,0,0,7,0,1,0,0,0,0,0,0,5,0,0,0,22,11,0.01,0.01,0.09,0.08,0.97,0.15,0.48,169,192,0.21,0.18,0.99,0.36,0.01,0.01,0.07,0.08,normal
299,udp,http,SF,3312,3291,0,0,0,6,0,1,0,0,0,0,1,0,1,0,0,0,19,12,0.02,0.02,0.03,0.02,0.75,0.25,0.1,70,194,0.65,0.89,0.34,0.21,0.02,0.02,0.02,0.02,normal
222,icmp,http,SF,2416,2192,0,0,0,29,0,1,0,0,0,0,5,0,1,0,0,0,13,13,0.05,0.06,0.07,0.07,0.8,0.13,0.85,150,76,0.33,0.05,0.8,0.87,0.06,0.07,0.09,0.06,normal
240,icmp,domain,SF,2793,8383,0,0,0,22,0,1,0,0,0,0,1,0,2,0,1,0,25,49,0.09,0.09,0.08,0.07,0.81,0.16,0.96,242,137,0.58,0.64,0.79,0.65,0.07,0.11,0.07,0.06,normal
217,udp,domain,SF,6179,4220,0,0,0,14,0,1,0,0,0,0,4,0,0,0,1,0,36,6,0.01,0.01,0.01,0.01,0.83,0.11,0.41,254,162,0.27,0.02,0.44,0.27,0.01,0.02,0.01,0.01,normal
40,udp,smtp,SF,1992,1218,0,0,0,27,0,1,0,0,0,0,5,0,5,0,1,0,24,3,0.05,0.05,0.03,0.03,0.9,0.08,0.14,133,4,0.77,0.28,0.35,1.0,0.07,0.07,0.04,0.02,normal
3,tcp,private,REJ,60,29,0,3,0,30,0,0,0,0,0,0,0,0,0,0,1,0,469,336,0.87,0.85,0.02,0.02,0.97,0.04,0.03,71,65,0.31,0.74,0.5,0.66,0.79,0.73,0.02,0.02,smurf
4,udp,eco_i,S0,72,100,1,0,0,29,0,0,0,0,0,0,0,0,0,0,1,1,171,178,1.0,0.88,0.2,0.19,0.91,0.08,0.53,96,243,0.11,0.57,0.45,0.89,0.75,0.76,0.21,0.14,land
0,tcp,private,S0,49,36,0,1,0,5,0,0,0,0,0,0,0,0,0,0,1,1,219,249,0.93,0.89,0.01,0.02,0.81,0.05,0.13,214,244,0.74,0.39,0.9,0.21,1.14,0.83,0.02,0.02,teardrop
294,udp,domain,SF,8282,7569,0,0,0,10,0,1,0,0,0,0,1,0,4,0,1,0,18,13,0.0,0.0,0.01,0.01,0.72,0.12,0.74,147,233,0.35,0.84,0.79,0.39,0.0,0.0,0.01,0.01,normal
3,udp,private,S0,50,89,0,0,0,22,0,0,0,0,0,0,0,0,0,0,0,1,222,180,0.85,0.82,0.13,0.14,0.86,0.09,0.12,188,39,0.76,0.5,0.78,0.41,0.68,0.7,0.09,0.09,teardrop
5,udp,other,RSTO,95,51,1,1,0,23,0,0,0,0,0,0,0,0,0,0,1,1,303,119,0.8,0.79,0.02,0.02,0.98,0.03,0.66,224,71,0.47,0.28,0.16,0.84,0.85,0.65,0.02,0.03,land
5,icmp,ftp,SF,7269,5916,0,0,0,25,0,1,0,0,0,0,0,0,5,0,0,0,12,14,0.07,0.07,0.09,0.08,0.86,0.13,0.05,2,24,0.77,0.77,0.93,0.37,0.06,0.05,0.09,0.12,normal
98,icmp,private,SF,3663,1632,0,0,0,20,0,1,0,0,0,0,2,0,4,0,0,0,43,11,0.07,0.08,0.0,0.01,0.85,0.24,0.4,219,61,0.23,0.11,0.32,0.01,0.08,0.05,0.0,0.0,normal
5,tcp,eco_i,S0,8,27,0,3,0,29,0,0,0,0,0,0,0,0,0,0,0,1,254,492,0.92,1.09,0.2,0.2,0.82,0.05,0.98,198,68,0.33,0.64,0.88,0.32,1.11,0.91,0.18,0.21,back
195,icmp,private,REJ,3858,8298,0,0,0,23,0,1,0,0,0,0,2,0,1,0,1,0,38,46,0.1,0.11,0.02,0.02,0.88,0.27,0.06,191,255,0.3,0.15,0.2,0.04,0.12,0.1,0.03,0.03,normal
142,udp,private,SF,8583,6847,0,0,0,1,0,1,0,0,0,0,1,0,4,0,0,0,42,19,0.08,0.08,0.02,0.02,0.92,0.1,0.22,195,164,0.18,0.63,0.06,0.49,0.1,0.05,0.03,0.03,normal
88,icmp,domain,SF,3921,8363,0,0,0,7,0,1,0,0,0,0,1,0,4,0,1,0,6,28,0.07,0.07,0.03,0.03,0.92,0.07,0.64,139,246,0.08,0.97,0.4,0.17,0.07,0.07,0.04,0.04,normal
0,udp,eco_i,SF,48,19,0,0,0,14,0,0,0,0,0,0,0,0,0,0,1,1,202,9,0.58,0.59,0.36,0.36,0.08,0.73,0.33,240,100,0.15,0.19,0.01,0.5,0.65,0.57,0.46,0.46,satan
98,tcp,http,SF,2621,4919,0,0,0,20,1,1,4,1,1,99,12,4,16,0,1,0,2,7,0.18,0.19,0.2,0.21,0.56,0.28,0.93,126,124,0.48,0.92,0.36,0.71,0.13,0.19,0.16,0.21,loadmodule
32,tcp,telnet,REJ,9575,974,0,0,0,5,0,0,4,0,0,0,3,0,6,0,1,1,6,1,0.04,0.04,0.03,0.03,0.58,0.32,0.53,195,157,0.73,0.75,0.92,0.87,0.03,0.04,0.03,0.03,warezmaster
107,icmp,ssh,REJ,5097,155,0,0,0,23,0,1,0,0,0,0,5,0,2,0,1,0,11,32,0.0,0.0,0.01,0.01,0.91,0.16,0.7,101,249,0.18,0.95,0.45,0.81,0.0,0.0,0.01,0.01,normal
209,udp,private,REJ,1839,2771,0,0,0,15,0,1,0,0,0,0,1,0,3,0,0,0,6,19,0.01,0.01,0.01,0.01,0.72,0.01,0.96,21,49,0.21,0.79,0.38,0.52,0.01,0.01,0.01,0.01,normal
2,tcp,eco_i,RSTO,30,46,0,3,0,14,0,0,0,0,0,0,0,0,0,0,1,0,293,412,0.81,0.66,0.07,0.06,0.87,0.01,0.53,127,188,0.45,0.69,0.87,0.51,0.89,0.57,0.08,0.09,back
184,tcp,private,S0,7329,3876,0,0,0,27,0,1,0,0,0,0,3,0,5,0,0,0,39,32,0.04,0.04,0.06,0.06,0.72,0.13,0.2,73,16,0.13,0.8,0.3,0.67,0.04,0.05,0.05,0.06,normal
276,tcp,smtp,SF,2842,1515,0,0,0,7,0,1,0,0,0,0,3,0,2,0,1,0,7,28,0.1,0.11,0.0,0.0,0.98,0.1,0.67,69,251,0.09,0.69,0.87,0.93,0.12,0.11,0.0,0.0,normal
5,udp,other,REJ,28,33,1,0,0,30,0,0,0,0,0,0,0,0,0,0,0,1,248,144,0.82,0.7,0.07,0.06,0.92,0.02,0.38,0,159,0.06,0.54,0.85,0.98,0.73,0.76,0.08,0.08,land
113,tcp,ssh,SF,8869,7596,0,0,0,9,0,1,0,0,0,0,1,0,4,0,0,0,21,10,0.08,0.09,0.03,0.03,0.77,0.2,0.83,17,163,0.31,0.99,0.12,1.0,0.09,0.08,0.04,0.03,normal
0,udp,private,REJ,93,28,0,0,0,29,0,0,0,0,0,0,0,0,0,0,0,0,497,191,0.97,0.99,0.15,0.14,0.86,0.08,0.68,178,200,0.39,0.53,0.28,0.7,0.79,1.18,0.14,0.11,teardrop
0,icmp,eco_i,RSTOS0,83,20,0,1,0,6,0,0,0,0,0,0,0,0,0,0,0,1,326,456,0.9,0.98,0.18,0.18,0.84,0.08,0.68,75,192,0.95,0.43,0.84,0.93,0.68,1.15,0.14,0.13,pod
151,tcp,http,SF,1317,3409,0,0,0,11,1,1,7,0,1,84,13,2,15,0,0,0,4,1,0.02,0.02,0.08,0.07,0.65,0.18,0.49,115,11,0.59,0.99,0.48,0.69,0.02,0.03,0.07,0.1,loadmodule
4,tcp,private,S0,41,8,0,1,0,15,0,0,0,0,0,0,0,0,0,0,0,0,307,458,0.8,0.89,0.11,0.1,0.91,0.08,0.66,60,92,0.86,0.7,0.01,0.45,0.71,0.58,0.12,0.12,back
131,tcp,http,SF,8342,4941,0,0,0,28,0,1,0,0,0,0,0,0,4,0,1,0,24,35,0.02,0.02,0.1,0.1,0.9,0.07,0.58,160,180,0.61,0.51,0.69,0.66,0.01,0.01,0.08,0.12,normal
68,icmp,domain,SF,9745,5932,0,0,0,12,0,1,0,0,0,0,5,0,1,0,1,0,18,9,0.07,0.06,0.04,0.04,0.86,0.08,0.43,73,104,0.07,0.73,1.0,0.7,0.06,0.07,0.05,0.05,normal
1,udp,other,RSTOS0,3,77,0,1,0,20,0,0,0,0,0,0,0,0,0,0,0,1,139,238,0.82,0.96,0.02,0.02,0.91,0.01,0.15,115,140,0.01,0.38,0.97,0.38,0.63,1.04,0.02,0.03,teardrop
250,tcp,domain,S0,9424,4670,0,0,0,11,0,1,0,0,0,0,3,0,1,0,1,0,36,18,0.06,0.06,0.09,0.08,0.75,0.28,0.01,79,64,0.14,0.57,0.27,0.92,0.07,0.06,0.1,0.1,normal
234,tcp,ssh,S0,7728,8278,0,0,0,20,0,1,0,0,0,0,1,0,2,0,0,0,19,18,0.1,0.11,0.05,0.05,0.92,0.28,0.31,46,40,0.08,0.24,0.09,0.58,0.07,0.08,0.07,0.06,normal
217,icmp,domain,REJ,2285,7908,0,0,0,6,0,1,0,0,0,0,0,0,4,0,0,0,32,33,0.07,0.07,0.07,0.07,0.86,0.04,0.75,125,21,0.61,0.96,0.67,0.88,0.07,0.06,0.05,0.08,normal
26,udp,ssh,S0,2843,6165,0,0,0,9,0,1,0,0,0,0,0,0,2,0,1,0,8,22,0.09,0.08,0.02,0.02,0.86,0.23,0.74,201,111,0.92,0.93,0.96,0.52,0.11,0.12,0.03,0.03,normal
3,icmp,ssh,S0,4938,5848,0,0,0,6,0,1,0,0,0,0,3,0,3,0,0,0,7,1,0.03,0.04,0.07,0.08,0.82,0.0,0.41,249,3,0.16,0.66,0.23,0.4,0.03,0.03,0.06,0.09,normal
224,icmp,ssh,SF,2341,5845,0,0,0,4,0,1,0,0,0,0,2,0,0,0,1,0,48,28,0.0,0.0,0.09,0.08,0.91,0.03,0.03,101,245,0.96,0.98,0.12,0.49,0.0,0.0,0.07,0.1,normal
4,icmp,other,REJ,14,13,0,0,0,26,0,0,0,0,0,0,0,0,0,0,1,1,164,179,0.87,1.03,0.0,0.0,0.94,0.01,0.43,148,144,0.49,0.76,0.25,0.15,0.87,0.74,0.0,0.0,teardrop
170,tcp,http,SF,1725,3982,0,0,0,29,1,1,4,0,0,52,2,2,7,0,0,0,2,9,0.12,0.12,0.04,0.04,0.93,0.19,0.09,26,194,0.41,0.31,0.63,0.23,0.11,0.12,0.04,0.04,rootkit
137,udp,ftp,S0,6899,4096,0,0,0,8,0,1,0,0,0,0,2,0,3,0,0,0,21,4,0.02,0.02,0.0,0.0,0.9,0.1,0.49,171,155,0.11,0.67,0.68,0.77,0.01,0.02,0.0,0.0,normal
190,tcp,private,S0,3491,9623,0,0,0,26,0,1,0,0,0,0,4,0,5,0,0,0,25,6,0.09,0.08,0.01,0.01,0.92,0.04,0.1,175,154,0.73,0.99,0.2,0.72,0.06,0.07,0.01,0.01,normal
5,udp,eco_i,SF,27,4,0,0,0,8,0,0,0,0,0,0,0,0,0,0,0,1,173,7,0.76,0.62,0.48,0.49,0.24,0.58,0.79,97,203,0.5,0.53,0.51,0.07,0.73,0.77,0.49,0.44,saint
1,tcp,private,REJ,75,89,0,0,0,7,0,0,0,0,0,0,0,0,0,0,1,1,504,362,0.89,0.91,0.14,0.12,0.91,0.03,0.05,121,149,0.04,0.15,0.88,0.93,0.77,1.05,0.15,0.12,smurf
1,tcp,other,REJ,40,38,0,0,0,4,0,0,0,0,0,0,0,0,0,0,1,1,298,6,0.66,0.62,0.47,0.39,0.27,0.63,0.82,182,112,0.73,0.28,0.26,0.02,0.72,0.81,0.6,0.5,saint
3,icmp,eco_i,REJ,56,28,1,2,0,7,0,0,0,0,0,0,0,0,0,0,1,1,237,204,0.92,0.79,0.16,0.16,0.95,0.02,0.5,235,94,0.82,0.18,0.57,0.94,0.74,0.8,0.14,0.2,land
9,tcp,private,S0,4,27,0,0,0,23,0,0,0,0,0,0,0,0,0,0,0,0,112,8,0.95,0.91,0.49,0.39,0.03,0.76,0.83,22,67,0.25,0.08,0.14,0.63,0.68,1.22,0.62,0.37,mscan
5,tcp,http,REJ,17,61,0,3,0,20,0,0,0,0,0,0,0,0,0,0,0,0,183,257,0.87,0.98,0.03,0.03,0.81,0.07,0.3,212,72,0.0,0.22,0.23,0.39,0.79,0.76,0.04,0.03,back
0,udp,private,S0,28,13,1,2,0,28,0,0,0,0,0,0,0,0,0,0,0,0,282,139,0.92,0.8,0.02,0.02,0.98,0.09,0.6,217,76,0.89,0.69,0.62,0.29,1.13,0.8,0.02,0.02,land
39,tcp,smtp,REJ,2451,5297,0,0,0,13,0,1,0,0,0,0,0,0,4,0,1,0,10,25,0.04,0.04,0.08,0.07,0.99,0.24,0.13,197,180,0.32,0.42,0.69,0.41,0.05,0.04,0.09,0.09,normal
214,icmp,ssh,REJ,8795,8120,0,0,0,25,0,1,0,0,0,0,4,0,5,0,0,0,35,35,0.08,0.09,0.04,0.03,0.87,0.13,0.0,8,185,0.56,0.96,0.92,0.06,0.07,0.1,0.05,0.05,normal
73,icmp,ssh,SF,3502,3729,0,0,0,30,0,1,0,0,0,0,0,0,5,0,1,0,4,48,0.01,0.01,0.1,0.1,0.91,0.11,0.66,37,244,0.84,0.87,0.03,0.37,0.01,0.01,0.1,0.11,normal
93,udp,private,SF,8691,4957,0,0,0,1,0,1,0,0,0,0,0,0,1,0,0,0,31,27,0.07,0.08,0.04,0.04,0.89,0.0,0.16,202,216,0.68,0.88,0.55,0.83,0.09,0.07,0.05,0.04,normal
47,icmp,ssh,SF,3521,6610,0,0,0,14,0,1,0,0,0,0,0,0,5,0,1,0,40,4,0.02,0.02,0.02,0.02,0.92,0.17,0.83,84,27,0.8,0.65,0.19,0.11,0.02,0.02,0.02,0.01,normal
277,tcp,http,SF,9833,229,0,0,0,18,0,1,0,0,0,0,0,0,4,0,0,0,49,20,0.02,0.02,0.02,0.02,0.98,0.07,0.05,161,47,0.94,0.01,0.36,0.28,0.02,0.02,0.02,0.02,normal
84,tcp,http,SF,4225,927,0,0,0,30,0,1,5,0,0,88,15,0,3,0,0,0,9,3,0.0,0.01,0.16,0.18,0.74,0.26,0.65,82,174,0.45,0.13,0.29,0.62,0.01,0.0,0.18,0.18,buffer_overflow
38,tcp,domain,REJ,8201,1645,0,0,0,3,0,1,0,0,0,0,0,0,3,0,1,0,1,10,0.08,0.07,0.03,0.04,0.96,0.24,0.16,143,186,0.35,0.07,0.71,0.46,0.1,0.1,0.04,0.03,normal
72,tcp,http,SF,6055,879,0,0,0,13,4,1,2,0,0,0,1,0,10,0,1,0,10,7,0.12,0.11,0.19,0.21,0.57,0.33,0.68,29,125,0.7,0.56,0.15,0.11,0.11,0.13,0.23,0.16,guess_passwd
1,udp,eco_i,RSTO,41,34,0,0,0,12,0,0,0,0,0,0,0,0,0,0,1,0,280,8,0.55,0.53,0.09,0.07,0.03,0.98,0.34,248,108,0.7,0.48,0.28,0.04,0.44,0.54,0.1,0.08,mscan
194,tcp,ftp,S0,7806,3546,0,0,0,2,0,1,0,0,0,0,5,0,1,0,0,0,4,14,0.09,0.07,0.1,0.09,0.91,0.08,0.3,231,214,0.52,0.67,0.26,0.83,0.07,0.11,0.09,0.11,normal
178,udp,ssh,S0,8823,2682,0,0,0,2,0,1,0,0,0,0,4,0,1,0,0,0,45,28,0.04,0.03,0.07,0.08,0.82,0.0,0.94,162,7,0.15,0.46,0.15,0.86,0.03,0.05,0.07,0.07,normal
230,tcp,private,S0,9526,1646,0,0,0,6,0,1,0,0,0,0,4,0,3,0,1,0,3,14,0.07,0.07,0.02,0.02,0.91,0.23,0.68,7,189,0.81,0.02,0.9,0.5,0.09,0.08,0.02,0.02,normal
180,icmp,ssh,REJ,5552,1907,0,0,0,27,0,1,0,0,0,0,3,0,2,0,1,0,12,30,0.04,0.05,0.02,0.02,0.88,0.16,0.94,50,44,0.81,0.1,0.65,0.62,0.04,0.04,0.02,0.02,normal
227,icmp,domain,SF,4799,6941,0,0,0,30,0,1,0,0,0,0,0,0,2,0,1,0,14,15,0.08,0.07,0.06,0.06,0.73,0.26,0.7,202,3,0.94,0.78,0.51,0.27,0.09,0.07,0.07,0.07,normal
3,tcp,http,S0,3,19,0,2,0,7,0,0,0,0,0,0,0,0,0,0,1,0,365,479,0.92,0.96,0.07,0.06,0.99,0.1,0.05,219,65,0.94,0.39,0.73,0.4,0.82,0.73,0.06,0.08,neptune
60,icmp,domain,S0,4313,9108,0,0,0,0,0,1,0,0,0,0,4,0,1,0,0,0,11,21,0.02,0.02,0.01,0.01,0.83,0.19,0.73,232,183,0.19,0.65,0.22,0.19,0.02,0.02,0.01,0.01,normal
26,udp,http,SF,429,9542,0,0,0,2,0,1,0,0,0,0,1,0,0,0,1,0,7,8,0.05,0.05,0.06,0.07,0.73,0.08,0.21,51,251,0.8,0.41,0.49,0.63,0.04,0.04,0.07,0.06,normal
82,tcp,ftp,SF,2977,9344,0,0,0,17,0,1,0,0,0,0,4,0,4,0,0,0,41,39,0.09,0.07,0.01,0.01,0.8,0.1,0.93,98,15,0.54,0.52,0.76,0.22,0.08,0.11,0.01,0.01,normal
64,udp,ftp,S0,3314,1556,0,0,0,29,0,1,0,0,0,0,4,0,3,0,0,0,23,46,0.06,0.05,0.03,0.03,0.92,0.15,0.85,143,201,0.1,0.79,0.59,0.17,0.05,0.06,0.03,0.03,normal
139,udp,domain,SF,9999,6325,0,0,0,30,0,1,0,0,0,0,1,0,0,0,1,0,28,13,0.06,0.06,0.04,0.03,0.89,0.02,0.83,180,203,0.03,0.18,0.32,0.79,0.05,0.04,0.04,0.03,normal
0,tcp,eco_i,S0,91,42,0,1,0,19,0,0,0,0,0,0,0,0,0,0,0,0,338,390,0.96,0.81,0.18,0.16,0.91,0.04,0.61,38,215,0.68,0.44,0.81,0.2,0.7,0.96,0.13,0.16,neptune
231,tcp,domain,S0,9735,6322,0,0,0,9,0,1,0,0,0,0,0,0,3,0,0,0,16,37,0.0,0.0,0.0,0.0,0.93,0.17,0.9,20,172,0.64,0.07,0.1,0.8,0.0,0.0,0.0,0.0,normal
160,udp,domain,SF,6494,4939,0,0,0,0,0,1,0,0,0,0,4,0,0,0,0,0,45,30,0.05,0.04,0.06,0.05,0.97,0.25,0.11,165,223,0.23,0.09,0.72,0.81,0.06,0.05,0.05,0.07,normal
22,tcp,http,S0,1279,4370,0,0,0,14,0,1,0,0,0,0,1,0,4,0,0,0,22,45,0.06,0.05,0.08,0.09,0.78,0.05,0.75,211,228,0.67,0.52,0.24,0.48,0.06,0.05,0.09,0.08,normal
151,icmp,http,S0,9200,4021,0,0,0,0,0,1,0,0,0,0,0,0,1,0,0,0,43,42,0.07,0.07,0.02,0.02,0.72,0.29,0.49,174,106,0.81,0.76,0.51,0.31,0.09,0.08,0.02,0.02,normal
66,tcp,ftp,S0,7462,8462,0,0,0,3,0,1,0,0,0,0,4,0,5,0,0,0,13,50,0.04,0.04,0.01,0.01,0.83,0.21,0.11,8,235,0.19,0.03,0.66,0.45,0.03,0.05,0.01,0.01,normal
257,udp,domain,S0,920,7280,0,0,0,12,0,1,0,0,0,0,2,0,1,0,0,0,18,24,0.01,0.01,0.06,0.07,0.92,0.13,0.49,221,55,0.68,0.65,0.96,0.22,0.01,0.01,0.06,0.05,normal
115,icmp,private,REJ,6678,6471,0,0,0,11,0,1,0,0,0,0,1,0,1,0,1,0,26,7,0.02,0.02,0.08,0.08,0.91,0.15,0.0,94,244,0.74,0.85,0.69,0.17,0.02,0.02,0.07,0.08,normal
54,tcp,ftp_data,SF,3008,997,0,0,0,27,0,1,4,0,0,0,0,0,7,0,0,0,9,2,0.05,0.05,0.23,0.19,0.3,0.31,0.02,148,116,0.53,0.17,0.15,0.09,0.05,0.06,0.22,0.26,spy
169,tcp,http,SF,2176,3084,0,0,0,27,3,1,2,1,2,67,1,1,14,0,0,0,8,1,0.17,0.18,0.06,0.05,0.67,0.16,0.5,125,220,0.36,0.74,0.19,0.95,0.18,0.21,0.07,0.07,loadmodule
8,tcp,eco_i,REJ,21,25,0,0,0,22,0,0,0,0,0,0,0,0,0,0,1,0,200,7,0.97,0.95,0.14,0.14,0.06,0.79,0.97,177,147,0.11,0.01,0.93,0.15,1.08,0.99,0.12,0.14,satan
249,udp,http,S0,305,7486,0,0,0,21,0,1,0,0,0,0,3,0,2,0,0,0,3,14,0.03,0.02,0.06,0.05,0.72,0.09,0.88,79,44,0.71,0.14,0.73,0.43,0.04,0.02,0.04,0.07,normal
197,udp,ssh,SF,4330,4998,0,0,0,24,0,1,0,0,0,0,1,0,5,0,0,0,39,20,0.02,0.02,0.04,0.04,0.96,0.24,0.2,156,43,0.3,0.93,0.46,0.18,0.02,0.02,0.03,0.04,normal
5,icmp,eco_i,RSTOS0,45,54,0,3,0,2,0,0,0,0,0,0,0,0,0,0,0,1,315,310,0.89,0.99,0.18,0.19,0.81,0.08,0.37,150,27,0.76,0.39,0.4,0.01,1.06,1.09,0.18,0.13,pod
54,udp,domain,SF,4810,9314,0,0,0,1,0,1,0,0,0,0,5,0,5,0,0,0,31,45,0.03,0.03,0.01,0.01,0.92,0.2,0.97,69,114,0.9,0.64,0.15,0.63,0.04,0.04,0.01,0.01,normal
34,tcp,smtp,REJ,2033,8566,0,0,0,9,0,1,0,0,0,0,0,0,0,0,1,0,7,16,0.02,0.02,0.05,0.04,0.95,0.13,0.23,133,224,0.86,0.62,0.43,0.64,0.02,0.02,0.05,0.04,normal
1,udp,other,RSTO,37,85,0,0,0,14,0,0,0,0,0,0,0,0,0,0,1,1,401,352,0.87,0.75,0.06,0.05,0.88,0.08,0.12,199,5,0.58,0.03,0.65,0.66,0.84,1.09,0.05,0.04,pod
4,tcp,private,REJ,32,32,0,0,0,4,0,0,0,0,0,0,0,0,0,0,1,1,103,6,0.95,0.94,0.26,0.3,0.15,0.59,0.14,155,201,0.07,0.84,0.48,0.96,1.01,0.77,0.3,0.26,satan
1,tcp,eco_i,RSTO,74,79,0,3,0,15,0,0,0,0,0,0,0,0,0,0,1,1,134,123,0.81,0.89,0.15,0.17,0.85,0.07,0.81,121,53,0.9,0.17,0.89,0.76,0.77,0.6,0.16,0.11,back
7,udp,other,SF,11,20,0,0,0,8,0,0,0,0,0,0,0,0,0,0,1,1,77,8,0.69,0.74,0.49,0.44,0.17,0.6,0.74,222,98,0.09,0.02,0.96,0.1,0.5,0.54,0.35,0.58,portsweep
36,udp,smtp,REJ,8703,8179,0,0,0,25,0,1,0,0,0,0,4,0,1,0,0,0,13,14,0.06,0.06,0.05,0.05,0.81,0.19,0.87,40,65,0.78,0.3,0.12,0.23,0.06,0.05,0.04,0.06,normal
49,tcp,ftp_data,SF,2686,991,0,0,0,17,0,1,3,0,0,0,9,0,0,0,0,0,10,2,0.16,0.17,0.07,0.09,0.51,0.38,0.98,15,16,0.34,0.26,0.33,0.76,0.13,0.16,0.08,0.09,imap
1,tcp,other,S0,72,78,0,0,0,17,0,0,0,0,0,0,0,0,0,0,1,0,277,136,0.99,0.9,0.12,0.1,0.92,0.01,0.04,115,179,0.43,0.3,0.85,0.97,0.71,0.73,0.14,0.14,neptune
194,icmp,private,REJ,346,9102,0,0,0,3,0,1,0,0,0,0,4,0,1,0,1,0,31,4,0.04,0.03,0.04,0.04,0.74,0.21,0.9,180,99,0.34,0.92,0.24,0.09,0.03,0.04,0.04,0.04,normal
23,tcp,private,SF,981,1305,0,0,0,4,0,1,0,0,0,0,1,0,2,0,1,0,4,9,0.04,0.04,0.03,0.02,0.79,0.18,0.08,128,105,0.49,0.74,0.36,0.92,0.04,0.05,0.04,0.03,normal
125,icmp,ftp,S0,8920,8298,0,0,0,29,0,1,0,0,0,0,0,0,1,0,0,0,7,4,0.03,0.04,0.04,0.04,0.99,0.15,0.3,107,62,0.37,0.82,0.14,0.98,0.04,0.04,0.04,0.03,normal
17,udp,ftp,REJ,6344,4971,0,0,0,1,0,1,0,0,0,0,3,0,3,0,0,0,6,4,0.03,0.02,0.06,0.05,0.85,0.26,0.43,26,156,0.03,0.76,0.94,0.91,0.03,0.03,0.07,0.05,normal
0,udp,other,RSTOS0,100,93,0,0,0,30,0,0,0,0,0,0,0,0,0,0,1,1,155,383,0.88,0.9,0.14,0.15,0.94,0.09,0.52,83,195,0.47,0.99,0.24,0.91,0.76,0.97,0.12,0.19,smurf
2,tcp,other,S0,78,35,0,2,0,9,0,0,0,0,0,0,0,0,0,0,1,1,237,437,0.85,0.97,0.13,0.13,0.95,0.0,0.02,4,238,0.04,0.36,0.64,0.56,0.8,0.89,0.1,0.16,back
32,udp,smtp,S0,4574,4302,0,0,0,20,0,1,0,0,0,0,1,0,0,0,0,0,32,9,0.02,0.02,0.02,0.02,0.96,0.2,0.44,162,21,0.55,0.23,0.95,0.99,0.03,0.02,0.02,0.02,normal
22,icmp,smtp,S0,1838,1319,0,0,0,2,0,1,0,0,0,0,5,0,3,0,1,0,33,29,0.01,0.01,0.01,0.01,0.76,0.17,0.33,184,171,0.98,0.9,0.37,0.94,0.01,0.01,0.01,0.01,normal
13,tcp,domain,SF,5179,8418,0,0,0,1,0,1,0,0,0,0,3,0,4,0,0,0,46,50,0.07,0.07,0.08,0.09,0.91,0.28,0.08,39,114,0.57,1.0,0.63,0.73,0.08,0.06,0.1,0.09,normal
4,icmp,other,RSTO,34,24,1,2,0,23,0,0,0,0,0,0,0,0,0,0,0,0,224,268,0.85,0.83,0.15,0.18,0.87,0.05,0.41,40,180,0.56,0.08,0.36,0.48,0.71,0.99,0.13,0.18,land
198,tcp,http,SF,4890,1231,0,0,0,0,1,1,10,1,2,99,7,1,15,0,0,0,10,5,0.16,0.14,0.07,0.06,0.56,0.12,0.55,240,51,0.13,0.03,0.43,0.69,0.21,0.12,0.08,0.09,rootkit
16,tcp,http,REJ,9224,247,0,0,0,23,0,0,5,0,0,0,0,0,1,0,1,1,10,2,0.1,0.12,0.25,0.26,0.43,0.38,0.74,223,148,0.76,0.7,0.73,0.72,0.11,0.12,0.25,0.2,phf
189,icmp,private,S0,6265,5300,0,0,0,10,0,1,0,0,0,0,2,0,3,0,0,0,29,12,0.05,0.05,0.06,0.07,0.98,0.03,0.58,218,146,0.32,0.32,0.18,0.14,0.06,0.06,0.08,0.05,normal
294,icmp,ftp,SF,5740,4716,0,0,0,24,0,1,0,0,0,0,2,0,4,0,0,0,11,8,0.03,0.03,0.05,0.05,0.77,0.05,0.14,105,86,0.03,0.9,0.96,0.54,0.03,0.02,0.06,0.03,normal
292,udp,private,S0,8584,2117,0,0,0,8,0,1,0,0,0,0,3,0,3,0,0,0,30,19,0.09,0.11,0.07,0.09,0.98,0.04,0.73,59,181,0.8,0.74,0.22,0.07,0.07,0.08,0.07,0.08,normal
5,tcp,eco_i,S0,55,12,0,2,0,0,0,0,0,0,0,0,0,0,0,0,0,0,197,385,0.93,0.96,0.18,0.2,0.81,0.06,0.22,100,135,0.47,0.48,0.19,0.5,0.73,1.01,0.13,0.18,neptune
0,udp,http,RSTOS0,71,78,0,1,0,7,0,0,0,0,0,0,0,0,0,0,1,1,463,191,0.81,0.82,0.14,0.16,0.92,0.06,0.88,118,149,0.67,0.49,0.63,0.6,0.83,0.71,0.11,0.18,smurf
6,udp,eco_i,S0,42,27,0,0,0,22,0,0,0,0,0,0,0,0,0,0,0,1,79,3,0.73,0.83,0.16,0.18,0.03,0.85,0.6,120,14,0.29,0.51,0.89,0.78,0.54,0.85,0.14,0.14,nmap
226,udp,ssh,S0,945,4446,0,0,0,28,0,1,0,0,0,0,1,0,4,0,0,0,32,47,0.02,0.02,0.06,0.07,0.71,0.13,0.11,168,66,0.6,0.02,0.72,0.8,0.02,0.02,0.08,0.07,normal
25,icmp,smtp,S0,8823,3301,0,0,0,13,0,1,0,0,0,0,2,0,2,0,0,0,11,35,0.04,0.04,0.07,0.06,0.79,0.05,0.01,10,52,0.5,0.79,0.04,0.28,0.03,0.04,0.08,0.05,normal
5,udp,private,RSTO,10,9,0,0,0,17,0,0,0,0,0,0,0,0,0,0,0,0,358,469,0.94,1.03,0.15,0.16,0.8,0.07,0.19,159,165,0.43,0.74,0.3,0.46,0.71,1.21,0.15,0.14,teardrop
113,udp,domain,S0,7969,4709,0,0,0,22,0,1,0,0,0,0,2,0,4,0,0,0,45,35,0.05,0.05,0.04,0.04,1.0,0.22,0.02,118,228,0.37,0.56,0.64,0.33,0.06,0.07,0.03,0.03,normal
9,tcp,private,S0,25,39,0,0,0,15,0,0,0,0,0,0,0,0,0,0,1,1,264,8,0.76,0.7,0.42,0.39,0.23,0.53,0.15,164,208,0.87,0.27,0.21,0.56,0.76,0.76,0.54,0.35,satan
247,icmp,domain,REJ,1384,1771,0,0,0,6,0,1,0,0,0,0,0,0,1,0,1,0,28,45,0.01,0.01,0.01,0.01,0.7,0.16,0.89,253,87,0.63,0.52,0.14,0.87,0.01,0.01,0.01,0.02,normal
2,icmp,eco_i,RSTO,72,83,1,1,0,16,0,0,0,0,0,0,0,0,0,0,1,1,172,248,0.9,0.89,0.04,0.05,0.92,0.07,0.93,69,84,0.52,0.83,0.01,0.42,0.71,0.67,0.05,0.04,land
48,icmp,ssh,S0,1601,1051,0,0,0,0,0,1,0,0,0,0,2,0,5,0,0,0,40,30,0.06,0.05,0.01,0.01,0.89,0.27,0.87,156,188,0.62,0.4,0.25,0.54,0.07,0.04,0.01,0.01,normal
134,icmp,http,SF,8607,9672,0,0,0,21,0,1,0,0,0,0,5,0,4,0,1,0,42,50,0.04,0.03,0.06,0.05,0.96,0.18,0.23,110,46,0.93,0.61,0.14,0.48,0.03,0.03,0.07,0.05,normal
10,udp,eco_i,REJ,32,48,0,0,0,9,0,0,0,0,0,0,0,0,0,0,1,0,80,4,0.78,0.9,0.19,0.21,0.12,0.74,0.96,142,73,0.84,0.56,0.49,0.79,0.87,0.81,0.18,0.17,satan
187,udp,private,S0,6998,3552,0,0,0,6,0,1,0,0,0,0,5,0,0,0,1,0,40,36,0.09,0.08,0.09,0.08,0.76,0.11,0.59,168,48,0.91,0.92,0.5,0.01,0.08,0.1,0.1,0.09,normal
70,tcp,telnet,SF,4787,349,0,0,0,27,0,1,1,1,0,79,5,5,6,0,0,0,8,10,0.13,0.11,0.1,0.11,0.74,0.26,0.12,227,31,0.31,0.86,0.28,0.85,0.14,0.14,0.09,0.11,loadmodule
2,icmp,other,REJ,33,0,0,0,0,24,0,0,0,0,0,0,0,0,0,0,0,1,290,7,0.71,0.59,0.33,0.33,0.02,0.6,0.28,101,209,0.17,0.75,0.84,0.0,0.61,0.64,0.3,0.35,mscan
3,tcp,http,S0,23,93,0,0,0,6,0,0,0,0,0,0,0,0,0,0,1,1,195,262,0.92,0.76,0.19,0.21,0.95,0.08,0.25,97,67,0.31,0.38,0.29,0.28,0.95,0.87,0.23,0.17,pod
151,udp,private,S0,4384,1564,0,0,0,26,0,1,0,0,0,0,5,0,5,0,0,0,32,23,0.06,0.05,0.03,0.04,0.89,0.13,0.39,107,222,0.35,0.81,0.8,0.21,0.06,0.06,0.04,0.04,normal
107,udp,smtp,S0,4323,565,0,0,0,12,0,1,0,0,0,0,2,0,4,0,0,0,8,34,0.07,0.06,0.02,0.02,0.74,0.18,0.36,4,81,0.42,0.33,0.65,0.1,0.08,0.06,0.02,0.02,normal
233,icmp,domain,REJ,7176,6592,0,0,0,29,0,1,0,0,0,0,2,0,0,0,0,0,31,16,0.03,0.03,0.04,0.04,0.8,0.2,0.51,215,218,0.77,0.95,0.4,0.03,0.03,0.03,0.05,0.05,normal
72,tcp,telnet,SF,5558,807,0,0,0,4,0,0,3,0,0,0,0,0,10,0,0,0,2,2,0.09,0.09,0.23,0.19,0.62,0.34,0.24,104,223,0.09,0.24,0.68,0.85,0.09,0.09,0.21,0.23,ftp_write
1,udp,other,RSTOS0,90,31,1,0,0,9,0,0,0,0,0,0,0,0,0,0,1,1,298,165,0.86,0.88,0.19,0.18,0.88,0.03,0.67,13,113,0.89,0.18,0.24,0.36,0.86,0.61,0.2,0.18,land
117,tcp,ssh,SF,774,3510,0,0,0,21,0,1,0,0,0,0,2,0,3,0,1,0,20,28,0.01,0.01,0.04,0.05,0.75,0.05,0.42,83,203,0.68,0.83,0.46,0.08,0.01,0.01,0.05,0.05,normal
163,tcp,domain,REJ,6341,7499,0,0,0,23,0,1,0,0,0,0,3,0,2,0,0,0,1,32,0.07,0.07,0.07,0.08,0.83,0.02,0.45,190,242,0.71,0.84,0.97,0.11,0.05,0.06,0.08,0.08,normal
3,udp,private,REJ,4274,3287,0,0,0,14,0,1,0,0,0,0,0,0,3,0,1,0,33,40,0.07,0.06,0.05,0.05,0.71,0.08,0.37,217,172,0.67,0.77,0.02,0.27,0.06,0.07,0.04,0.04,normal
57,udp,private,SF,8754,6541,0,0,0,11,0,1,0,0,0,0,3,0,2,0,1,0,16,12,0.01,0.01,0.01,0.01,0.92,0.19,0.83,234,20,0.08,0.37,0.15,0.98,0.01,0.01,0.01,0.01,normal
154,udp,ssh,SF,3063,4258,0,0,0,8,0,1,0,0,0,0,1,0,4,0,1,0,47,42,0.07,0.08,0.01,0.01,0.97,0.29,0.79,25,191,0.57,0.22,0.94,0.27,0.08,0.06,0.01,0.01,normal
92,icmp,ftp,S0,132,6721,0,0,0,3,0,1,0,0,0,0,5,0,2,0,0,0,14,2,0.08,0.07,0.07,0.07,0.78,0.14,0.22,147,235,0.59,0.63,0.33,0.39,0.1,0.06,0.06,0.06,normal
236,icmp,ssh,SF,8770,2835,0,0,0,17,0,1,0,0,0,0,5,0,3,0,1,0,44,25,0.03,0.02,0.0,0.0,0.96,0.29,0.53,155,149,0.75,0.45,0.47,0.16,0.03,0.03,0.0,0.0,normal
4,tcp,other,REJ,48,68,0,1,0,3,0,0,0,0,0,0,0,0,0,0,1,0,293,410,0.99,1.13,0.02,0.03,0.88,0.02,0.98,205,209,0.35,0.22,0.9,0.28,1.15,1.07,0.03,0.03,back
2,icmp,other,REJ,51,63,1,3,0,26,0,0,0,0,0,0,0,0,0,0,1,1,246,330,0.83,0.88,0.17,0.19,0.88,0.0,0.1,214,214,0.41,0.64,0.62,0.14,0.89,1.08,0.19,0.2,land
78,tcp,telnet,SF,9427,640,0,0,0,27,0,1,4,0,0,0,8,0,3,0,0,0,16,2,0.29,0.28,0.01,0.01,0.54,0.44,0.24,241,102,0.32,0.29,0.89,0.21,0.28,0.24,0.01,0.01,phf
4,icmp,http,RSTO,20,31,0,3,0,15,0,0,0,0,0,0,0,0,0,0,1,0,469,135,0.8,0.89,0.01,0.01,0.94,0.09,0.88,61,12,0.44,0.83,0.06,0.81,0.96,0.91,0.0,0.01,teardrop
54,tcp,ftp,SF,2491,867,0,0,0,6,0,1,1,0,0,0,3,0,7,0,1,0,9,10,0.23,0.19,0.03,0.04,0.37,0.32,0.07,251,125,0.76,0.34,0.69,0.33,0.22,0.19,0.03,0.02,spy
267,udp,http,SF,6126,9283,0,0,0,14,0,1,0,0,0,0,3,0,5,0,1,0,24,46,0.03,0.03,0.09,0.11,0.75,0.19,0.13,149,196,0.26,0.23,0.85,0.58,0.02,0.02,0.09,0.09,normal
6,udp,other,S0,22,41,0,0,0,15,0,0,0,0,0,0,0,0,0,0,0,1,89,10,0.93,0.81,0.16,0.18,0.11,0.93,0.01,33,175,0.22,0.21,0.15,0.61,1.05,0.71,0.13,0.16,saint
6,icmp,domain,SF,3368,6006,0,0,0,27,0,1,0,0,0,0,4,0,4,0,0,0,43,3,0.04,0.05,0.01,0.01,0.8,0.02,0.57,126,125,0.26,0.74,0.69,0.65,0.03,0.04,0.01,0.01,normal
2,tcp,private,S0,16,66,0,2,0,17,0,0,0,0,0,0,0,0,0,0,0,1,131,206,0.85,0.94,0.12,0.1,0.92,0.05,0.48,226,42,0.48,0.1,0.59,0.6,0.74,0.6,0.11,0.15,pod
5,tcp,other,S0,32,96,0,3,0,30,0,0,0,0,0,0,0,0,0,0,1,1,407,238,0.9,1.03,0.04,0.03,0.9,0.05,0.28,158,225,0.11,0.76,0.18,0.01,1.11,0.9,0.04,0.03,teardrop
2,tcp,other,RSTO,81,87,1,1,0,24,0,0,0,0,0,0,0,0,0,0,1,0,199,498,0.82,0.88,0.05,0.05,0.86,0.03,0.21,79,165,0.16,0.77,0.79,0.85,0.88,0.65,0.06,0.06,land
5,udp,private,RSTO,60,38,0,2,0,13,0,0,0,0,0,0,0,0,0,0,1,1,174,256,0.87,0.7,0.07,0.08,0.95,0.04,0.06,209,181,0.65,0.14,0.46,0.27,1.03,0.71,0.08,0.06,teardrop
5,udp,eco_i,REJ,35,35,0,0,0,2,0,0,0,0,0,0,0,0,0,0,0,0,239,4,0.9,0.84,0.31,0.31,0.13,0.64,0.72,240,23,0.78,0.39,0.96,0.71,0.76,1.16,0.32,0.23,portsweep
175,udp,domain,S0,7228,4706,0,0,0,27,0,1,0,0,0,0,3,0,1,0,0,0,8,31,0.01,0.01,0.07,0.08,0.8,0.23,0.56,224,125,0.33,0.55,0.66,0.56,0.02,0.01,0.06,0.09,normal
5,udp,eco_i,S0,11,20,0,0,0,8,0,0,0,0,0,0,0,0,0,0,0,0,169,4,0.73,0.62,0.17,0.16,0.2,0.85,0.4,249,24,0.83,0.06,0.99,0.37,0.76,0.95,0.21,0.2,mscan
275,udp,ftp,REJ,5518,1149,0,0,0,18,0,1,0,0,0,0,4,0,0,0,1,0,48,5,0.06,0.06,0.1,0.12,0.93,0.16,0.75,220,141,0.47,0.89,0.99,0.15,0.05,0.05,0.1,0.09,normal
3,tcp,other,RSTO,0,79,1,3,0,21,0,0,0,0,0,0,0,0,0,0,1,1,109,104,0.85,0.9,0.09,0.08,0.85,0.02,0.82,181,78,0.19,0.15,0.31,0.1,0.86,1.07,0.06,0.07,land
35,udp,ftp,SF,3471,3354,0,0,0,4,0,1,0,0,0,0,2,0,0,0,1,0,20,11,0.04,0.04,0.03,0.03,0.98,0.07,0.03,106,194,0.05,0.44,0.2,0.77,0.04,0.03,0.03,0.03,normal
264,tcp,smtp,SF,2021,8063,0,0,0,11,0,1,0,0,0,0,0,0,4,0,1,0,48,39,0.04,0.03,0.1,0.08,0.82,0.06,0.46,3,194,0.8,0.4,0.86,0.35,0.05,0.04,0.1,0.12,normal
43,icmp,private,S0,7772,309,0,0,0,4,0,1,0,0,0,0,4,0,0,0,0,0,18,47,0.06,0.06,0.03,0.03,0.74,0.07,0.04,107,150,0.37,0.41,0.16,0.17,0.08,0.08,0.04,0.04,normal
56,tcp,http,S0,3393,5064,0,0,0,0,0,1,0,0,0,0,0,0,2,0,1,0,26,41,0.04,0.03,0.08,0.1,0.89,0.01,0.91,23,193,0.76,0.72,0.17,0.1,0.03,0.03,0.08,0.06,normal
53,tcp,smtp,S0,2302,877,0,0,0,15,0,1,4,0,0,0,10,0,1,0,1,0,20,1,0.09,0.1,0.14,0.16,0.66,0.24,0.2,112,66,0.81,0.14,0.66,0.74,0.11,0.08,0.15,0.12,spy
154,udp,private,S0,9729,8568,0,0,0,4,0,1,0,0,0,0,2,0,5,0,0,0,34,37,0.1,0.11,0.03,0.03,0.97,0.1,0.63,101,93,0.01,0.63,0.84,0.24,0.09,0.07,0.03,0.03,normal
295,udp,ssh,SF,7475,4355,0,0,0,8,0,1,0,0,0,0,2,0,1,0,1,0,35,29,0.01,0.01,0.03,0.03,0.93,0.28,0.55,49,175,0.76,0.26,0.78,0.43,0.01,0.01,0.02,0.04,normal
8,icmp,eco_i,S0,22,19,0,0,0,5,0,0,0,0,0,0,0,0,0,0,1,0,165,7,0.78,0.67,0.47,0.5,0.29,0.99,0.78,101,181,0.53,0.78,0.56,0.53,0.57,0.79,0.48,0.52,portsweep
95,tcp,ftp,SF,920,1456,0,0,0,13,3,1,4,1,0,52,10,3,17,0,1,0,10,4,0.17,0.17,0.15,0.13,0.58,0.28,0.94,0,38,0.25,0.56,0.31,0.92,0.18,0.22,0.11,0.14,rootkit
82,tcp,ssh,SF,6915,6456,0,0,0,3,0,1,0,0,0,0,1,0,3,0,0,0,38,13,0.02,0.02,0.04,0.03,0.77,0.28,0.28,167,5,0.64,0.52,0.52,0.77,0.03,0.02,0.03,0.04,normal
232,tcp,http,REJ,5643,4508,0,0,0,22,0,1,0,0,0,0,1,0,5,0,1,0,3,25,0.08,0.09,0.03,0.02,0.89,0.13,0.1,185,123,0.87,0.66,0.84,0.96,0.08,0.09,0.03,0.02,normal
2,tcp,eco_i,RSTOS0,85,32,0,2,0,18,0,0,0,0,0,0,0,0,0,0,1,1,142,106,0.82,0.69,0.16,0.18,0.85,0.05,0.71,192,195,0.04,0.11,0.84,0.64,0.62,0.62,0.21,0.14,back
215,udp,private,REJ,703,5740,0,0,0,24,0,1,0,0,0,0,5,0,5,0,1,0,42,29,0.09,0.09,0.06,0.05,0.86,0.28,0.57,12,168,0.1,0.92,0.8,0.73,0.1,0.07,0.07,0.05,normal
70,tcp,http,SF,491,2758,0,0,0,19,2,1,7,1,0,64,3,2,12,0,0,0,8,5,0.15,0.14,0.03,0.03,0.78,0.26,0.91,46,207,0.31,0.5,0.19,0.38,0.13,0.17,0.03,0.04,rootkit
2,udp,private,SF,12,37,0,0,0,12,0,0,0,0,0,0,0,0,0,0,0,0,129,9,0.85,0.71,0.28,0.3,0.23,0.77,0.91,207,134,0.15,0.34,0.35,0.13,0.79,1.03,0.32,0.34,ipsweep
4,tcp,eco_i,REJ,56,5,0,1,0,7,0,0,0,0,0,0,0,0,0,0,0,0,380,179,0.93,0.91,0.05,0.06,0.9,0.08,0.15,151,124,0.96,0.86,0.48,0.44,0.97,1.21,0.04,0.04,pod
204,icmp,domain,S0,4334,6013,0,0,0,30,0,1,0,0,0,0,2,0,0,0,0,0,17,28,0.04,0.03,0.09,0.1,0.98,0.1,0.7,65,49,0.98,0.78,0.51,0.48,0.03,0.04,0.1,0.1,normal
4,tcp,other,RSTO,73,6,1,3,0,17,0,0,0,0,0,0,0,0,0,0,1,0,416,324,0.9,1.04,0.09,0.09,0.99,0.02,0.71,32,181,0.07,0.72,0.57,0.95,1.02,1.01,0.09,0.1,land
27,tcp,http,S0,8921,713,0,0,0,22,0,1,0,0,0,0,9,0,0,0,1,0,10,6,0.07,0.07,0.24,0.27,0.5,0.32,0.07,32,211,0.73,0.73,0.25,0.6,0.08,0.06,0.19,0.26,multihop
61,udp,http,SF,6661,9454,0,0,0,3,0,1,0,0,0,0,2,0,1,0,1,0,45,44,0.04,0.04,0.04,0.04,0.91,0.04,0.88,255,46,0.18,0.4,0.23,0.99,0.04,0.04,0.05,0.04,normal
31,icmp,http,REJ,6163,1614,0,0,0,18,0,1,0,0,0,0,0,0,4,0,1,0,11,1,0.1,0.11,0.05,0.06,0.7,0.12,0.19,255,93,0.54,0.98,0.1,0.68,0.08,0.09,0.04,0.05,normal
8,tcp,eco_i,SF,39,2,0,0,0,29,0,0,0,0,0,0,0,0,0,0,1,0,289,9,0.94,0.89,0.4,0.35,0.04,0.97,0.52,51,254,0.19,0.16,0.61,0.34,0.92,1.03,0.48,0.46,ipsweep
43,tcp,telnet,S0,2416,245,0,0,0,20,3,0,4,0,0,0,1,0,10,0,1,1,16,4,0.24,0.26,0.01,0.01,0.32,0.49,0.28,69,229,0.76,0.29,0.63,0.4,0.22,0.24,0.01,0.01,guess_passwd
199,udp,ssh,S0,953,8693,0,0,0,20,0,1,0,0,0,0,4,0,1,0,1,0,3,13,0.09,0.1,0.03,0.03,0.88,0.27,0.05,155,197,0.19,0.96,0.05,0.83,0.12,0.11,0.03,0.02,normal
22,tcp,http,S0,3092,3680,0,0,0,29,0,1,0,0,0,0,0,0,0,0,1,0,46,21,0.01,0.01,0.02,0.02,0.76,0.19,0.92,2,123,0.66,0.92,0.33,0.18,0.01,0.01,0.03,0.02,normal
126,icmp,private,S0,6977,9397,0,0,0,0,0,1,0,0,0,0,3,0,5,0,1,0,46,41,0.03,0.03,0.09,0.09,0.9,0.27,0.84,97,249,0.25,0.01,0.69,0.04,0.04,0.02,0.1,0.07,normal
81,udp,http,SF,8847,5413,0,0,0,9,0,1,0,0,0,0,4,0,2,0,1,0,11,48,0.03,0.02,0.07,0.06,0.98,0.12,0.82,103,44,0.55,0.5,0.13,1.0,0.03,0.02,0.06,0.08,normal
34,tcp,ssh,REJ,6126,7227,0,0,0,23,0,1,0,0,0,0,1,0,1,0,1,0,48,10,0.04,0.04,0.08,0.06,0.9,0.15,0.15,128,89,0.35,0.2,0.64,0.39,0.04,0.04,0.06,0.06,normal
224,tcp,ssh,SF,4076,9907,0,0,0,13,0,1,0,0,0,0,5,0,0,0,0,0,34,19,0.06,0.06,0.01,0.01,0.99,0.02,0.93,189,19,0.14,0.1,0.23,0.38,0.06,0.07,0.02,0.01,normal
18,icmp,domain,SF,374,7855,0,0,0,15,0,1,0,0,0,0,1,0,5,0,1,0,37,42,0.04,0.04,0.07,0.08,0.82,0.27,0.45,78,232,0.54,0.36,0.14,0.64,0.03,0.05,0.09,0.08,normal
10,udp,ftp,SF,747,7585,0,0,0,6,0,1,0,0,0,0,5,0,2,0,1,0,27,46,0.09,0.09,0.09,0.08,1.0,0.04,0.73,227,198,0.46,0.34,0.67,0.13,0.09,0.07,0.1,0.09,normal
59,tcp,smtp,S0,6240,659,0,0,0,10,0,1,0,0,0,0,3,0,3,0,0,0,10,4,0.12,0.13,0.14,0.17,0.52,0.34,0.43,226,12,0.69,0.39,0.67,0.27,0.14,0.12,0.11,0.13,phf
1,udp,eco_i,RSTOS0,31,94,0,1,0,28,0,0,0,0,0,0,0,0,0,0,0,0,490,349,0.86,0.96,0.19,0.16,0.92,0.07,0.01,27,169,0.85,0.31,0.9,0.2,0.68,0.71,0.22,0.17,smurf
60,tcp,ftp_data,REJ,2970,296,0,0,0,5,0,0,4,0,0,0,9,0,6,0,1,1,10,2,0.24,0.26,0.05,0.06,0.65,0.25,0.98,75,227,0.1,0.04,0.88,0.47,0.24,0.28,0.05,0.06,spy
225,icmp,domain,SF,7379,375,0,0,0,4,0,1,0,0,0,0,0,0,1,0,1,0,32,43,0.06,0.06,0.09,0.1,1.0,0.27,0.11,100,164,0.29,0.79,0.79,0.35,0.07,0.06,0.1,0.09,normal
64,tcp,ftp,SF,4305,2395,0,0,0,21,2,1,5,1,1,44,2,2,15,0,0,0,9,1,0.1,0.09,0.18,0.15,0.53,0.07,0.87,5,9,0.3,0.2,0.47,0.39,0.11,0.08,0.17,0.17,loadmodule
217,udp,private,S0,2218,5722,0,0,0,25,0,1,0,0,0,0,5,0,0,0,1,0,47,17,0.06,0.06,0.05,0.06,0.78,0.27,0.02,65,54,0.24,0.18,0.06,0.57,0.05,0.04,0.04,0.06,normal
4,tcp,http,REJ,74,80,0,3,0,6,0,0,0,0,0,0,0,0,0,0,0,0,423,269,0.96,0.8,0.02,0.02,0.82,0.07,0.0,119,107,0.05,0.08,0.32,0.53,0.94,0.78,0.03,0.02,back
147,icmp,private,REJ,1053,7300,0,0,0,6,0,1,0,0,0,0,4,0,4,0,0,0,12,33,0.0,0.0,0.02,0.01,0.76,0.04,0.19,164,116,0.16,0.64,0.59,0.6,0.0,0.0,0.02,0.02,normal
0,icmp,eco_i,RSTO,96,20,0,0,0,13,0,0,0,0,0,0,0,0,0,0,0,1,131,132,0.9,0.72,0.18,0.2,0.81,0.08,0.09,185,33,0.57,0.73,0.32,0.36,1.07,0.83,0.16,0.18,pod
97,tcp,domain,SF,749,5831,0,0,0,27,0,1,0,0,0,0,3,0,3,0,1,0,27,30,0.09,0.09,0.03,0.03,0.94,0.28,0.75,214,12,0.87,0.79,0.38,0.87,0.07,0.08,0.03,0.04,normal
75,tcp,telnet,SF,1653,16,0,0,0,6,0,1,4,0,0,0,4,0,3,0,1,0,13,8,0.04,0.05,0.1,0.1,0.31,0.32,0.44,81,249,0.97,0.06,0.96,0.07,0.04,0.04,0.09,0.09,warezmaster
53,tcp,http,SF,5146,646,0,0,0,23,0,0,4,0,0,0,4,0,5,0,1,0,6,6,0.19,0.18,0.21,0.24,0.47,0.24,0.06,228,189,0.42,0.21,0.33,0.23,0.23,0.17,0.26,0.26,ftp_write
2,icmp,eco_i,REJ,16,41,0,1,0,28,0,0,0,0,0,0,0,0,0,0,0,1,462,403,0.92,0.93,0.16,0.14,0.85,0.06,0.75,164,41,0.53,0.46,0.9,0.95,1.05,0.68,0.15,0.13,pod
1,udp,http,RSTOS0,31,28,1,0,0,10,0,0,0,0,0,0,0,0,0,0,1,1,267,282,0.96,1.01,0.1,0.1,0.83,0.03,0.82,96,61,0.3,0.06,0.88,0.52,0.97,0.82,0.09,0.11,land
4,tcp,private,REJ,1,1,0,0,0,20,0,0,0,0,0,0,0,0,0,0,1,0,216,7,0.54,0.56,0.23,0.26,0.27,0.57,0.11,140,233,0.28,0.71,0.45,0.16,0.42,0.69,0.18,0.28,nmap
188,tcp,ftp,REJ,6194,9063,0,0,0,9,0,1,0,0,0,0,0,0,5,0,1,0,2,41,0.04,0.04,0.03,0.03,0.75,0.18,0.88,28,67,0.5,0.93,0.14,0.1,0.03,0.05,0.02,0.03,normal
41,udp,ftp,SF,8118,6612,0,0,0,14,0,1,0,0,0,0,0,0,1,0,0,0,35,4,0.05,0.04,0.06,0.07,0.82,0.05,0.26,122,28,0.64,0.56,0.05,0.84,0.04,0.04,0.05,0.05,normal
70,icmp,ftp,S0,6399,6534,0,0,0,1,0,1,0,0,0,0,4,0,0,0,0,0,2,33,0.08,0.08,0.05,0.04,0.9,0.21,0.58,3,178,0.7,0.58,0.37,0.9,0.06,0.06,0.05,0.06,normal
2,tcp,eco_i,RSTOS0,20,25,0,2,0,0,0,0,0,0,0,0,0,0,0,0,1,1,271,200,0.87,0.76,0.05,0.04,0.82,0.03,0.39,54,105,0.2,0.57,0.75,0.83,0.96,1.07,0.06,0.05,back
117,icmp,ftp,SF,8423,440,0,0,0,23,0,1,0,0,0,0,5,0,3,0,1,0,20,1,0.02,0.02,0.02,0.02,0.8,0.15,0.75,251,245,0.56,0.29,0.99,0.86,0.02,0.02,0.02,0.02,normal
2,tcp,http,RSTO,56,48,0,1,0,11,0,0,0,0,0,0,0,0,0,0,0,1,149,127,0.87,0.84,0.13,0.1,0.99,0.07,0.77,61,154,0.14,0.46,0.93,0.98,1.09,0.67,0.14,0.16,neptune
1,tcp,http,S0,92,30,0,3,0,23,0,0,0,0,0,0,0,0,0,0,0,0,396,455,0.91,0.75,0.05,0.06,0.94,0.05,0.03,254,221,0.83,0.41,0.97,0.58,0.66,0.67,0.06,0.05,teardrop
245,tcp,ftp,SF,4505,3131,0,0,0,30,0,1,0,0,0,0,3,0,4,0,1,0,16,45,0.04,0.05,0.0,0.0,0.9,0.26,0.74,146,186,0.09,0.37,0.82,0.54,0.04,0.06,0.0,0.0,normal
177,udp,smtp,REJ,6632,6146,0,0,0,13,0,1,0,0,0,0,5,0,4,0,1,0,30,23,0.08,0.09,0.01,0.01,0.9,0.27,0.25,70,170,0.92,0.65,0.45,0.54,0.09,0.09,0.01,0.02,normal
153,tcp,ssh,SF,4525,1406,0,0,0,29,3,1,2,0,2,14,19,0,9,0,0,0,10,3,0.2,0.21,0.16,0.17,0.91,0.12,0.79,250,59,0.33,0.84,0.37,0.94,0.2,0.23,0.13,0.14,rootkit
54,tcp,private,REJ,7482,2601,0,0,0,4,0,1,0,0,0,0,0,0,3,0,0,0,45,49,0.02,0.02,0.0,0.0,0.94,0.15,0.76,155,107,0.54,0.1,0.81,0.02,0.01,0.01,0.0,0.0,normal
129,udp,http,S0,5907,6652,0,0,0,29,0,1,0,0,0,0,4,0,4,0,1,0,1,45,0.06,0.06,0.03,0.04,0.81,0.09,0.68,16,255,0.32,0.03,0.7,0.86,0.06,0.06,0.03,0.04,normal
5,tcp,other,S0,48,4,0,3,0,22,0,0,0,0,0,0,0,0,0,0,0,1,488,144,0.89,0.85,0.11,0.1,0.82,0.07,0.6,240,17,0.32,0.55,0.7,0.45,0.96,0.68,0.12,0.11,back
4,tcp,other,S0,64,23,0,3,0,8,0,0,0,0,0,0,0,0,0,0,0,1,240,456,0.91,0.79,0.16,0.16,0.91,0.07,0.85,20,148,0.6,0.43,0.69,0.97,0.68,0.9,0.14,0.15,neptune
1,udp,http,RSTO,23,28,1,2,0,29,0,0,0,0,0,0,0,0,0,0,0,0,449,398,0.97,0.84,0.05,0.04,0.89,0.07,0.98,12,224,0.5,0.79,0.43,0.71,1.2,0.89,0.05,0.04,land
223,icmp,private,S0,1146,1117,0,0,0,3,0,1,0,0,0,0,1,0,1,0,0,0,6,17,0.09,0.08,0.07,0.07,0.84,0.15,0.66,228,191,0.56,0.48,0.97,0.66,0.09,0.07,0.05,0.05,normal
200,tcp,ftp,SF,8409,249,0,0,0,29,0,1,0,0,0,0,1,0,2,0,0,0,8,34,0.07,0.08,0.06,0.07,0.7,0.26,0.19,243,244,0.48,0.1,0.39,0.63,0.07,0.08,0.05,0.05,normal
34,udp,domain,SF,9325,2748,0,0,0,1,0,1,0,0,0,0,2,0,3,0,1,0,16,41,0.08,0.06,0.08,0.08,0.81,0.07,0.39,98,191,0.39,0.61,0.87,0.75,0.06,0.08,0.1,0.1,normal
1,tcp,eco_i,RSTOS0,98,9,1,3,0,24,0,0,0,0,0,0,0,0,0,0,0,1,407,115,0.88,0.8,0.11,0.1,0.94,0.08,0.65,174,155,0.84,0.61,0.92,0.86,0.87,0.88,0.13,0.14,land
286,icmp,domain,REJ,9454,2298,0,0,0,8,0,1,0,0,0,0,5,0,0,0,1,0,31,22,0.01,0.01,0.05,0.06,0.8,0.16,0.59,116,160,0.93,0.32,0.24,0.19,0.01,0.01,0.04,0.05,normal
217,icmp,private,SF,2331,4883,0,0,0,16,0,1,0,0,0,0,3,0,4,0,0,0,13,44,0.07,0.06,0.07,0.08,0.87,0.06,0.29,126,105,0.6,0.63,0.34,0.89,0.08,0.06,0.07,0.08,normal
68,tcp,ftp_data,SF,4273,620,0,0,0,14,0,0,1,0,0,0,4,0,7,0,1,1,3,5,0.04,0.03,0.11,0.09,0.52,0.32,0.43,250,55,0.48,0.39,0.12,0.18,0.03,0.04,0.08,0.14,spy
280,icmp,ftp,SF,1621,6984,0,0,0,8,0,1,0,0,0,0,4,0,5,0,1,0,14,3,0.09,0.09,0.06,0.05,0.7,0.1,0.62,136,181,0.84,0.15,0.55,0.32,0.07,0.11,0.07,0.05,normal
0,icmp,eco_i,RSTOS0,15,12,0,1,0,8,0,0,0,0,0,0,0,0,0,0,0,0,308,213,0.85,0.76,0.12,0.11,0.98,0.09,0.58,197,228,0.21,0.1,0.08,0.71,0.82,0.97,0.11,0.13,smurf
277,udp,smtp,REJ,8103,7204,0,0,0,11,0,1,0,0,0,0,4,0,1,0,0,0,34,22,0.03,0.03,0.05,0.05,0.88,0.25,0.7,193,86,0.79,0.21,0.31,0.41,0.03,0.03,0.04,0.05,normal
12,icmp,domain,SF,1109,7459,0,0,0,29,0,1,0,0,0,0,5,0,3,0,1,0,46,2,0.04,0.03,0.03,0.03,0.81,0.15,0.23,187,133,0.48,0.17,0.85,0.65,0.04,0.05,0.04,0.04,normal
117,tcp,private,SF,1563,9107,0,0,0,27,0,1,0,0,0,0,3,0,2,0,0,0,4,17,0.01,0.01,0.09,0.09,0.84,0.09,0.52,118,47,0.62,0.57,0.78,0.87,0.01,0.01,0.08,0.09,normal
85,tcp,http,SF,9923,1312,0,0,0,24,0,1,0,0,0,0,3,0,4,0,1,0,5,50,0.01,0.01,0.08,0.07,0.75,0.04,0.93,125,4,0.33,0.17,0.27,0.81,0.01,0.01,0.08,0.07,normal
67,tcp,domain,S0,9452,4625,0,0,0,2,0,1,0,0,0,0,4,0,0,0,1,0,30,16,0.05,0.04,0.07,0.06,0.91,0.05,0.53,250,202,0.55,0.73,0.89,0.47,0.05,0.05,0.08,0.07,normal
4,icmp,eco_i,S0,32,31,0,0,0,19,0,0,0,0,0,0,0,0,0,0,1,1,82,1,0.6,0.57,0.3,0.28,0.11,0.65,0.31,101,8,0.22,0.78,0.75,0.45,0.64,0.7,0.24,0.35,satan
72,tcp,smtp,S0,4193,8025,0,0,0,30,0,1,0,0,0,0,0,0,1,0,0,0,26,30,0.07,0.08,0.04,0.04,0.76,0.04,0.3,27,179,0.47,0.39,0.65,0.43,0.08,0.07,0.04,0.04,normal
8,tcp,ftp_data,S0,3269,317,0,0,0,20,0,0,0,0,0,0,8,0,3,0,1,0,17,3,0.0,0.0,0.03,0.03,0.6,0.37,0.61,177,167,0.28,0.05,0.52,0.12,0.0,0.0,0.04,0.02,spy
5,icmp,http,REJ,48,42,1,3,0,19,0,0,0,0,0,0,0,0,0,0,1,1,474,469,0.93,0.89,0.03,0.02,0.95,0.02,0.3,68,99,0.42,0.19,0.8,0.88,0.89,0.96,0.04,0.02,land
9,tcp,ssh,SF,4053,641,0,0,0,28,3,1,6,1,1,34,19,4,18,0,1,0,4,8,0.18,0.19,0.03,0.03,0.84,0.03,0.16,142,125,0.23,0.02,0.48,0.33,0.18,0.18,0.04,0.03,rootkit
32,tcp,ftp,SF,9193,228,0,0,0,18,0,1,3,0,0,0,6,0,6,0,1,0,8,4,0.14,0.13,0.05,0.04,0.34,0.36,0.62,33,160,0.93,0.06,0.41,0.43,0.13,0.18,0.04,0.04,imap
249,udp,ssh,REJ,3556,6690,0,0,0,12,0,1,0,0,0,0,2,0,4,0,0,0,28,16,0.03,0.02,0.06,0.05,0.75,0.05,0.74,76,219,0.49,0.09,0.97,0.81,0.03,0.04,0.04,0.05,normal
187,icmp,private,REJ,5903,9421,0,0,0,19,0,1,0,0,0,0,0,0,0,0,0,0,6,3,0.02,0.02,0.03,0.03,0.73,0.3,0.17,200,251,0.11,0.59,0.62,0.53,0.02,0.01,0.02,0.03,normal
263,tcp,ssh,REJ,3716,4698,0,0,0,9,0,1,0,0,0,0,2,0,4,0,1,0,3,26,0.09,0.09,0.07,0.07,0.91,0.24,0.42,120,158,0.67,0.21,0.46,0.7,0.06,0.06,0.08,0.05,normal
38,tcp,telnet,SF,2414,2825,0,0,0,6,2,1,4,1,2,5,12,1,13,0,1,0,6,10,0.05,0.04,0.1,0.08,0.7,0.28,0.85,129,199,0.19,0.5,0.66,0.4,0.05,0.04,0.08,0.09,rootkit
84,tcp,ftp_data,REJ,3114,7,0,0,0,15,0,0,1,0,0,0,8,0,9,0,1,0,6,5,0.12,0.14,0.15,0.14,0.7,0.24,0.77,184,175,0.8,0.37,0.0,0.48,0.15,0.12,0.12,0.13,multihop
5,icmp,eco_i,RSTOS0,67,75,1,1,0,17,0,0,0,0,0,0,0,0,0,0,1,1,322,494,0.99,0.81,0.16,0.15,0.89,0.07,0.41,32,242,0.83,0.42,0.46,0.88,1.03,1.24,0.19,0.13,land
19,tcp,private,REJ,4213,6518,0,0,0,13,0,1,0,0,0,0,3,0,0,0,0,0,17,1,0.05,0.06,0.0,0.0,0.99,0.13,0.27,213,8,0.5,0.95,0.79,0.64,0.05,0.06,0.0,0.01,normal
282,udp,http,SF,6423,9237,0,0,0,7,0,1,0,0,0,0,2,0,5,0,1,0,47,22,0.02,0.01,0.07,0.06,0.7,0.13,0.75,132,86,0.66,0.67,0.42,0.91,0.01,0.01,0.05,0.08,normal
277,icmp,domain,REJ,1173,1298,0,0,0,3,0,1,0,0,0,0,2,0,1,0,1,0,10,8,0.09,0.08,0.0,0.0,0.77,0.23,0.84,238,62,0.48,0.61,0.79,0.36,0.06,0.07,0.0,0.0,normal
9,icmp,http,SF,2708,2438,0,0,0,0,0,1,0,0,0,0,5,0,2,0,1,0,22,11,0.05,0.06,0.07,0.08,0.76,0.3,0.43,206,108,0.17,0.62,0.48,0.59,0.06,0.07,0.08,0.08,normal
71,tcp,http,S0,5379,657,0,0,0,10,0,0,5,0,0,0,5,0,10,0,1,0,12,4,0.27,0.32,0.01,0.01,0.38,0.37,0.09,49,59,0.59,0.47,0.55,0.55,0.31,0.21,0.01,0.01,spy
2,icmp,other,RSTO,4,13,0,0,0,4,0,0,0,0,0,0,0,0,0,0,1,1,253,440,0.99,1.13,0.03,0.03,0.85,0.04,0.98,186,38,0.5,0.74,0.41,0.03,0.86,0.81,0.02,0.02,smurf
51,udp,http,SF,4378,5518,0,0,0,26,0,1,0,0,0,0,2,0,2,0,0,0,21,8,0.02,0.02,0.02,0.02,0.94,0.07,0.58,152,152,0.1,0.4,0.93,0.31,0.02,0.01,0.02,0.02,normal
48,icmp,http,SF,7864,746,0,0,0,10,0,1,0,0,0,0,1,0,0,0,0,0,31,24,0.04,0.04,0.01,0.01,0.75,0.28,0.7,53,8,0.47,0.73,0.13,0.74,0.05,0.05,0.01,0.01,normal
4,tcp,private,RSTOS0,70,30,0,0,0,4,0,0,0,0,0,0,0,0,0,0,1,1,320,208,0.92,1.07,0.08,0.07,0.97,0.03,0.25,63,215,0.25,0.61,0.0,0.11,0.97,1.06,0.09,0.08,back
1,icmp,private,S0,45,2,0,0,0,6,0,0,0,0,0,0,0,0,0,0,1,0,109,4,0.87,0.9,0.37,0.39,0.21,0.57,0.72,7,211,0.11,0.21,0.14,0.72,1.02,1.07,0.33,0.35,saint
2,udp,private,REJ,26,49,1,2,0,13,0,0,0,0,0,0,0,0,0,0,0,1,196,440,0.97,0.78,0.13,0.13,0.9,0.09,0.06,30,234,0.52,0.2,0.11,0.29,0.85,0.78,0.15,0.13,land
4,tcp,other,RSTO,38,82,0,1,0,5,0,0,0,0,0,0,0,0,0,0,1,0,330,202,0.94,0.91,0.06,0.05,0.9,0.04,0.78,248,196,0.22,0.95,0.51,0.93,0.72,1.06,0.06,0.06,neptune
264,udp,private,S0,382,1081,0,0,0,27,0,1,0,0,0,0,5,0,4,0,0,0,37,7,0.02,0.03,0.03,0.03,0.94,0.23,0.0,10,167,0.77,0.77,0.42,0.34,0.02,0.02,0.03,0.03,normal
139,icmp,smtp,REJ,6635,9906,0,0,0,27,0,1,0,0,0,0,2,0,0,0,1,0,37,37,0.04,0.03,0.04,0.04,0.89,0.27,0.53,252,116,0.43,0.56,0.69,0.1,0.04,0.03,0.05,0.03,normal
37,tcp,private,REJ,7279,2273,0,0,0,3,0,1,0,0,0,0,4,0,3,0,1,0,15,48,0.02,0.02,0.04,0.04,0.71,0.0,0.89,47,174,0.92,0.61,0.09,0.25,0.02,0.02,0.05,0.03,normal
141,icmp,smtp,REJ,154,8070,0,0,0,0,0,1,0,0,0,0,4,0,2,0,1,0,14,27,0.09,0.1,0.01,0.01,0.85,0.07,0.75,84,13,0.74,0.98,0.57,0.67,0.07,0.11,0.01,0.01,normal
107,tcp,smtp,S0,7600,1053,0,0,0,20,0,1,0,0,0,0,1,0,2,0,1,0,43,29,0.02,0.03,0.01,0.01,0.74,0.27,0.69,81,242,0.38,0.17,0.04,0.18,0.03,0.02,0.01,0.01,normal
212,tcp,ssh,SF,2772,4410,0,0,0,10,0,1,0,0,0,0,4,0,4,0,1,0,46,34,0.07,0.06,0.09,0.11,0.86,0.27,0.53,110,229,0.42,0.61,0.79,0.28,0.06,0.06,0.1,0.1,normal
207,udp,ssh,REJ,7666,1541,0,0,0,17,0,1,0,0,0,0,4,0,0,0,1,0,38,8,0.08,0.08,0.01,0.01,0.72,0.22,0.71,69,27,0.52,0.54,0.23,0.13,0.1,0.08,0.01,0.02,normal
282,tcp,ftp,REJ,8857,1582,0,0,0,25,0,1,0,0,0,0,1,0,1,0,0,0,17,17,0.03,0.04,0.01,0.01,0.75,0.13,0.15,226,36,0.42,0.63,0.08,0.76,0.03,0.04,0.02,0.01,normal
5,tcp,private,REJ,446,547,0,0,0,15,0,1,0,0,0,0,5,0,1,0,0,0,6,21,0.02,0.02,0.07,0.09,0.89,0.02,0.65,29,13,0.72,0.99,0.31,0.67,0.02,0.02,0.06,0.06,normal
279,tcp,domain,REJ,9493,8897,0,0,0,19,0,1,0,0,0,0,2,0,4,0,0,0,31,19,0.05,0.05,0.09,0.09,0.72,0.05,0.51,239,13,0.04,0.05,0.66,0.89,0.05,0.05,0.07,0.1,normal
76,udp,ssh,REJ,2064,3913,0,0,0,9,0,1,0,0,0,0,0,0,2,0,0,0,27,10,0.08,0.09,0.05,0.05,1.0,0.11,0.04,20,240,0.05,0.21,0.41,0.86,0.08,0.09,0.06,0.04,normal
4,tcp,private,S0,7,34,1,0,0,23,0,0,0,0,0,0,0,0,0,0,0,1,162,300,0.85,0.89,0.11,0.1,0.98,0.09,0.86,90,242,0.5,0.93,0.52,0.38,0.99,0.87,0.08,0.09,land
33,tcp,private,S0,4885,2849,0,0,0,28,0,1,0,0,0,0,0,0,1,0,1,0,34,37,0.06,0.07,0.07,0.06,0.79,0.09,0.72,220,109,0.1,0.96,0.25,0.46,0.05,0.06,0.08,0.07,normal
191,udp,http,SF,6657,3803,0,0,0,21,0,1,0,0,0,0,5,0,0,0,0,0,47,44,0.04,0.04,0.05,0.05,0.76,0.06,0.79,148,11,0.77,0.73,0.37,0.56,0.04,0.03,0.07,0.05,normal
156,tcp,telnet,SF,2884,407,0,0,0,25,2,1,4,1,2,41,4,3,8,0,0,0,5,1,0.2,0.22,0.06,0.05,0.6,0.06,0.71,232,238,0.72,0.79,0.54,0.61,0.16,0.21,0.06,0.05,perl
207,icmp,ftp,SF,692,6712,0,0,0,12,0,1,0,0,0,0,3,0,2,0,0,0,3,47,0.01,0.01,0.01,0.01,0.93,0.23,0.41,4,5,0.91,0.21,0.03,0.81,0.01,0.01,0.01,0.01,normal
0,tcp,other,RSTO,21,30,0,0,0,23,0,0,0,0,0,0,0,0,0,0,1,0,213,8,0.63,0.73,0.14,0.15,0.29,0.56,0.39,177,68,0.89,0.08,0.6,0.81,0.77,0.68,0.15,0.11,saint
118,udp,domain,S0,5668,482,0,0,0,19,0,1,0,0,0,0,1,0,4,0,0,0,38,9,0.08,0.06,0.04,0.04,0.75,0.22,0.34,214,39,0.09,0.93,0.7,0.86,0.07,0.08,0.04,0.05,normal
0,udp,private,RSTO,25,27,0,0,0,27,0,0,0,0,0,0,0,0,0,0,0,0,161,1,0.76,0.89,0.05,0.06,0.22,0.71,0.06,104,184,0.39,0.88,0.09,0.87,0.54,0.6,0.05,0.04,mscan
1,tcp,private,RSTO,43,45,0,0,0,15,0,0,0,0,0,0,0,0,0,0,1,0,320,360,0.91,0.95,0.09,0.1,0.82,0.06,0.83,148,20,0.12,0.3,0.55,0.79,1.17,1.06,0.08,0.07,neptune
8,tcp,eco_i,SF,13,14,0,0,0,22,0,0,0,0,0,0,0,0,0,0,0,0,215,6,0.81,0.81,0.06,0.07,0.03,0.69,0.58,33,148,0.29,0.18,0.02,1.0,1.05,0.85,0.05,0.07,saint
5,udp,other,RSTO,70,82,0,3,0,30,0,0,0,0,0,0,0,0,0,0,0,0,145,367,0.86,0.8,0.11,0.09,0.87,0.04,0.02,158,99,0.95,0.89,0.11,0.84,1.02,0.72,0.13,0.12,pod
288,icmp,http,S0,426,9190,0,0,0,14,0,1,0,0,0,0,0,0,5,0,0,0,31,10,0.04,0.04,0.01,0.01,0.93,0.29,0.94,116,112,0.33,0.66,0.91,0.65,0.05,0.04,0.01,0.01,normal
145,tcp,ftp,S0,1980,2384,0,0,0,18,0,1,0,0,0,0,1,0,3,0,1,0,45,37,0.06,0.06,0.03,0.03,0.86,0.25,0.66,47,195,0.57,0.34,0.63,0.92,0.05,0.06,0.04,0.03,normal
3,icmp,eco_i,REJ,48,7,0,0,0,24,0,0,0,0,0,0,0,0,0,0,1,1,114,4,0.89,0.93,0.2,0.16,0.04,0.79,0.03,84,244,0.75,0.0,0.67,0.51,0.94,1.11,0.19,0.26,ipsweep
198,icmp,smtp,SF,1380,3217,0,0,0,1,0,1,0,0,0,0,3,0,4,0,1,0,40,22,0.08,0.07,0.08,0.09,0.71,0.28,0.07,164,27,0.45,0.77,0.86,0.52,0.1,0.1,0.09,0.09,normal
188,tcp,private,S0,4475,325,0,0,0,23,0,1,0,0,0,0,3,0,1,0,1,0,32,29,0.04,0.05,0.03,0.03,0.75,0.21,0.13,70,176,0.02,0.8,0.75,0.49,0.05,0.04,0.03,0.02,normal
34,udp,http,S0,8634,8791,0,0,0,11,0,1,0,0,0,0,1,0,2,0,0,0,17,5,0.1,0.09,0.02,0.02,0.84,0.03,0.4,239,40,0.46,0.2,1.0,0.91,0.11,0.07,0.02,0.02,normal
216,tcp,domain,REJ,5256,2218,0,0,0,28,0,1,0,0,0,0,3,0,0,0,1,0,30,32,0.05,0.05,0.1,0.1,0.81,0.06,0.73,86,165,0.05,0.86,0.29,0.04,0.07,0.05,0.09,0.07,normal
128,tcp,ssh,S0,8802,1824,0,0,0,26,0,1,0,0,0,0,0,0,0,0,0,0,10,30,0.07,0.08,0.05,0.06,0.85,0.27,0.89,93,52,0.63,0.26,0.93,0.42,0.08,0.07,0.06,0.06,normal
1,udp,private,REJ,14,65,0,1,0,14,0,0,0,0,0,0,0,0,0,0,0,1,378,448,1.0,1.11,0.08,0.08,0.87,0.06,0.72,219,206,0.68,0.99,0.45,0.7,0.94,1.26,0.07,0.08,teardrop
0,udp,http,RSTOS0,69,18,0,0,0,12,0,0,0,0,0,0,0,0,0,0,1,0,437,187,0.84,0.93,0.13,0.13,0.87,0.02,0.45,53,135,0.4,0.15,0.07,0.65,1.06,0.62,0.13,0.11,smurf
233,icmp,http,REJ,9726,8803,0,0,0,30,0,1,0,0,0,0,4,0,0,0,0,0,50,44,0.03,0.02,0.04,0.05,0.88,0.09,0.85,17,117,0.66,0.54,0.98,0.6,0.03,0.03,0.04,0.03,normal
9,icmp,other,SF,41,5,0,0,0,29,0,0,0,0,0,0,0,0,0,0,0,1,122,6,0.73,0.61,0.27,0.32,0.14,0.91,0.24,205,229,0.39,0.2,0.77,0.66,0.52,0.78,0.24,0.32,nmap
92,tcp,http,S0,8819,504,0,0,0,18,5,0,1,0,0,0,5,0,8,0,0,1,13,9,0.04,0.05,0.19,0.15,0.67,0.35,0.64,162,0,0.4,0.19,0.63,0.24,0.03,0.04,0.13,0.23,guess_passwd
199,udp,private,REJ,5487,7531,0,0,0,27,0,1,0,0,0,0,5,0,2,0,1,0,37,3,0.0,0.0,0.01,0.01,0.78,0.16,0.52,235,201,0.2,0.35,0.82,0.29,0.0,0.0,0.01,0.01,normal
137,udp,smtp,SF,8998,9431,0,0,0,24,0,1,0,0,0,0,1,0,4,0,1,0,7,22,0.04,0.04,0.03,0.03,0.91,0.27,0.18,175,199,0.17,0.58,0.4,0.59,0.05,0.03,0.03,0.03,normal
114,icmp,http,REJ,6459,6099,0,0,0,0,0,1,0,0,0,0,4,0,2,0,1,0,24,2,0.1,0.1,0.05,0.05,0.78,0.12,0.29,133,114,0.01,0.31,0.62,0.88,0.12,0.11,0.04,0.06,normal
21,tcp,ftp,SF,8644,853,0,0,0,9,0,1,2,0,0,0,1,0,5,0,1,0,11,10,0.07,0.06,0.24,0.27,0.33,0.31,0.2,110,88,0.37,0.89,0.82,0.48,0.09,0.07,0.2,0.23,spy
0,icmp,eco_i,S0,44,41,0,0,0,5,0,0,0,0,0,0,0,0,0,0,1,1,255,2,0.64,0.67,0.38,0.45,0.03,0.89,0.12,242,30,0.61,0.83,0.76,0.01,0.59,0.54,0.39,0.4,portsweep
1,tcp,eco_i,RSTOS0,53,7,0,2,0,9,0,0,0,0,0,0,0,0,0,0,0,0,495,398,0.9,0.9,0.16,0.15,0.89,0.04,0.34,143,173,0.73,0.42,0.36,0.87,1.06,1.09,0.14,0.16,teardrop
60,tcp,private,S0,5494,466,0,0,0,20,0,1,0,0,0,0,1,0,4,0,0,0,9,1,0.09,0.07,0.0,0.0,0.94,0.11,0.64,59,166,0.87,0.07,0.01,0.34,0.06,0.07,0.0,0.0,normal
51,udp,ftp,S0,8566,8648,0,0,0,13,0,1,0,0,0,0,5,0,1,0,1,0,40,25,0.04,0.04,0.06,0.07,0.92,0.04,0.72,149,211,0.15,0.01,0.37,0.52,0.04,0.03,0.06,0.05,normal
22,tcp,smtp,SF,2290,194,0,0,0,12,0,1,4,0,0,0,1,0,0,0,0,0,3,3,0.06,0.07,0.04,0.04,0.64,0.2,0.42,250,81,0.2,0.55,0.35,0.53,0.07,0.06,0.05,0.05,ftp_write
92,udp,ssh,S0,5306,4315,0,0,0,10,0,1,0,0,0,0,4,0,0,0,0,0,48,24,0.06,0.06,0.03,0.03,0.74,0.05,0.78,232,195,0.9,0.55,0.73,0.39,0.06,0.05,0.03,0.02,normal
32,udp,private,SF,3299,7306,0,0,0,5,0,1,0,0,0,0,0,0,2,0,0,0,46,47,0.02,0.02,0.06,0.07,0.87,0.06,0.91,109,210,0.88,0.96,0.73,0.8,0.02,0.02,0.06,0.05,normal
121,tcp,ftp,REJ,6008,4056,0,0,0,20,0,1,0,0,0,0,3,0,5,0,1,0,37,35,0.02,0.02,0.06,0.06,0.79,0.13,0.22,201,148,0.25,0.02,0.33,0.87,0.02,0.03,0.06,0.06,normal
228,icmp,domain,S0,94,3110,0,0,0,24,0,1,0,0,0,0,4,0,3,0,1,0,37,12,0.04,0.05,0.02,0.01,0.8,0.2,0.71,167,70,0.58,0.56,0.91,0.24,0.03,0.05,0.02,0.01,normal
5,icmp,http,REJ,22,4,0,0,0,16,0,0,0,0,0,0,0,0,0,0,1,1,235,489,0.91,0.98,0.12,0.13,0.99,0.09,0.72,190,182,0.18,0.64,0.39,0.06,1.1,1.05,0.16,0.14,teardrop
142,udp,smtp,S0,1393,9432,0,0,0,18,0,1,0,0,0,0,1,0,5,0,0,0,37,21,0.01,0.01,0.01,0.01,0.95,0.05,0.58,178,12,0.09,0.2,0.28,0.87,0.01,0.01,0.01,0.01,normal
240,tcp,smtp,REJ,9773,8239,0,0,0,6,0,1,0,0,0,0,1,0,0,0,0,0,6,39,0.1,0.08,0.01,0.02,0.71,0.05,0.7,235,209,0.47,0.66,0.05,0.61,0.11,0.07,0.01,0.01,normal
92,tcp,http,REJ,572,7365,0,0,0,29,0,1,0,0,0,0,1,0,1,0,0,0,9,47,0.03,0.03,0.07,0.08,0.86,0.13,0.43,172,106,0.54,0.66,0.46,0.88,0.04,0.04,0.06,0.09,normal
51,tcp,ftp,SF,9198,6518,0,0,0,19,0,1,0,0,0,0,1,0,1,0,1,0,41,34,0.01,0.01,0.03,0.03,0.7,0.2,0.82,99,187,0.99,0.35,0.38,0.79,0.02,0.02,0.02,0.04,normal
4,udp,private,RSTOS0,2,99,0,0,0,10,0,0,0,0,0,0,0,0,0,0,1,1,217,332,0.82,0.76,0.06,0.06,0.88,0.04,0.21,13,132,0.94,0.89,0.78,0.03,1.07,1.04,0.05,0.05,pod
118,icmp,ssh,S0,1038,2775,0,0,0,13,0,1,0,0,0,0,4,0,0,0,0,0,39,40,0.01,0.01,0.07,0.08,0.99,0.13,0.53,54,175,0.32,0.95,0.16,0.88,0.01,0.0,0.08,0.09,normal
30,tcp,http,REJ,6000,6694,0,0,0,2,0,1,0,0,0,0,2,0,4,0,1,0,32,37,0.09,0.09,0.06,0.07,0.81,0.27,1.0,190,145,0.43,0.17,0.25,0.48,0.07,0.11,0.05,0.06,normal
284,tcp,http,REJ,2059,684,0,0,0,8,0,1,0,0,0,0,3,0,3,0,0,0,14,2,0.08,0.08,0.07,0.07,0.82,0.07,0.04,6,49,0.81,0.67,0.45,0.15,0.06,0.09,0.09,0.08,normal
100,icmp,http,S0,7471,1715,0,0,0,16,0,1,0,0,0,0,2,0,2,0,1,0,16,4,0.05,0.05,0.02,0.02,0.72,0.01,0.4,58,100,0.02,0.57,0.18,0.53,0.05,0.04,0.02,0.02,normal
15,tcp,http,REJ,139,5518,0,0,0,26,0,1,0,0,0,0,3,0,2,0,1,0,13,43,0.08,0.09,0.08,0.08,0.88,0.05,0.15,180,32,0.52,0.83,0.7,0.48,0.06,0.1,0.07,0.07,normal
169,icmp,domain,SF,1161,1958,0,0,0,20,0,1,0,0,0,0,0,0,5,0,1,0,4,29,0.06,0.06,0.07,0.07,0.74,0.08,0.94,34,138,0.57,0.32,0.67,0.71,0.05,0.05,0.06,0.07,normal
152,icmp,domain,S0,6521,9980,0,0,0,26,0,1,0,0,0,0,5,0,0,0,1,0,34,32,0.06,0.06,0.06,0.07,0.76,0.18,0.29,210,195,0.96,0.15,0.48,0.95,0.06,0.07,0.06,0.08,normal
1,tcp,eco_i,S0,78,57,0,0,0,30,0,0,0,0,0,0,0,0,0,0,0,0,134,464,0.96,0.85,0.05,0.04,0.98,0.08,0.46,87,54,0.09,0.05,0.16,0.67,0.69,1.14,0.06,0.04,teardrop
30,tcp,ftp_data,REJ,9464,525,0,0,0,16,0,0,3,0,0,0,0,0,8,0,1,0,20,9,0.27,0.3,0.23,0.27,0.48,0.24,0.97,204,133,0.3,0.14,0.76,0.45,0.33,0.24,0.24,0.29,guess_passwd
225,icmp,ftp,S0,238,8882,0,0,0,2,0,1,0,0,0,0,3,0,5,0,0,0,12,4,0.08,0.09,0.03,0.02,0.71,0.14,0.09,206,46,0.76,0.67,0.93,0.51,0.08,0.1,0.02,0.02,normal
4,tcp,other,RSTOS0,74,85,0,3,0,8,0,0,0,0,0,0,0,0,0,0,0,1,440,425,0.81,0.68,0.01,0.01,0.87,0.07,0.49,127,90,0.49,0.67,0.81,0.55,0.68,0.92,0.01,0.01,pod
203,tcp,ftp,REJ,790,9958,0,0,0,29,0,1,0,0,0,0,5,0,2,0,1,0,27,45,0.06,0.05,0.08,0.08,0.81,0.16,0.31,33,227,0.01,0.56,0.1,0.14,0.08,0.06,0.1,0.1,normal
277,icmp,smtp,SF,8283,9452,0,0,0,4,0,1,0,0,0,0,0,0,3,0,1,0,50,15,0.03,0.03,0.04,0.03,0.91,0.07,0.99,227,34,0.42,0.62,0.06,0.3,0.02,0.03,0.04,0.05,normal
5,tcp,private,REJ,91,52,0,0,0,7,0,0,0,0,0,0,0,0,0,0,0,1,219,209,0.9,0.83,0.08,0.08,0.8,0.02,0.4,11,84,0.36,0.96,0.75,0.5,0.77,0.96,0.08,0.09,back
4,udp,private,RSTO,25,4,0,0,0,22,0,0,0,0,0,0,0,0,0,0,1,0,170,8,0.95,0.97,0.47,0.55,0.02,0.76,0.73,205,236,0.83,0.15,0.27,0.44,0.9,1.15,0.36,0.39,mscan
94,udp,private,S0,4392,8994,0,0,0,22,0,1,0,0,0,0,4,0,3,0,1,0,28,40,0.07,0.06,0.06,0.06,0.97,0.21,0.57,46,167,0.34,0.26,0.31,0.66,0.05,0.07,0.07,0.07,normal
244,udp,smtp,REJ,6300,778,0,0,0,24,0,1,0,0,0,0,4,0,4,0,1,0,23,8,0.01,0.01,0.01,0.01,0.9,0.02,0.41,64,51,0.51,0.26,0.37,0.06,0.01,0.01,0.01,0.01,normal
69,udp,domain,REJ,4149,2981,0,0,0,19,0,1,0,0,0,0,5,0,4,0,1,0,4,19,0.09,0.09,0.1,0.1,0.9,0.08,0.33,223,134,0.16,0.82,0.93,0.31,0.11,0.09,0.1,0.1,normal
230,udp,ftp,SF,3200,8347,0,0,0,25,0,1,0,0,0,0,3,0,3,0,0,0,39,2,0.04,0.05,0.02,0.02,0.93,0.08,0.42,148,27,0.11,0.63,0.6,0.35,0.05,0.03,0.03,0.02,normal
2,tcp,eco_i,S0,48,28,0,0,0,19,0,0,0,0,0,0,0,0,0,0,0,1,159,8,0.85,0.69,0.24,0.2,0.12,0.88,0.28,51,47,0.37,0.97,0.5,0.96,0.86,0.86,0.22,0.17,portsweep
0,tcp,other,RSTOS0,61,91,0,3,0,11,0,0,0,0,0,0,0,0,0,0,1,0,386,165,0.84,0.98,0.02,0.01,0.92,0.09,0.13,209,134,0.85,0.64,0.42,0.15,0.64,0.67,0.01,0.01,pod
2,tcp,other,RSTO,89,75,0,3,0,11,0,0,0,0,0,0,0,0,0,0,1,0,485,372,0.81,0.75,0.11,0.09,0.99,0.06,0.56,119,166,0.88,0.36,0.75,0.95,0.59,0.9,0.11,0.1,teardrop
239,udp,private,SF,3274,1306,0,0,0,24,0,1,0,0,0,0,4,0,4,0,1,0,8,9,0.09,0.1,0.02,0.02,0.91,0.13,0.82,43,230,0.44,0.77,0.76,0.24,0.08,0.1,0.02,0.02,normal
284,icmp,ssh,REJ,2830,1242,0,0,0,30,0,1,0,0,0,0,4,0,3,0,0,0,31,23,0.07,0.08,0.07,0.06,0.72,0.25,0.71,99,16,0.39,0.99,0.98,0.32,0.07,0.09,0.06,0.08,normal
117,udp,http,SF,1751,8482,0,0,0,11,0,1,0,0,0,0,0,0,3,0,0,0,5,46,0.09,0.08,0.04,0.04,0.85,0.15,0.67,184,133,0.26,0.05,0.53,0.82,0.11,0.1,0.04,0.05,normal
282,tcp,http,REJ,5301,3997,0,0,0,23,0,1,0,0,0,0,2,0,4,0,1,0,42,39,0.01,0.01,0.05,0.06,0.99,0.15,0.43,79,31,0.31,0.99,0.48,0.7,0.01,0.01,0.06,0.06,normal
119,tcp,http,REJ,9851,8904,0,0,0,7,0,1,0,0,0,0,4,0,5,0,1,0,48,25,0.07,0.06,0.02,0.02,0.74,0.06,0.57,52,77,0.98,0.99,0.66,0.5,0.07,0.08,0.02,0.02,normal
182,tcp,ftp,SF,1474,1293,0,0,0,29,0,1,2,1,1,56,13,0,2,0,0,0,2,1,0.16,0.16,0.0,0.0,0.62,0.27,0.67,246,197,0.12,0.55,0.82,0.19,0.15,0.12,0.0,0.0,buffer_overflow
5,icmp,private,SF,37,32,0,0,0,17,0,0,0,0,0,0,0,0,0,0,0,0,243,1,0.89,0.83,0.14,0.13,0.23,0.88,0.98,161,50,0.03,0.2,0.77,0.02,1.07,0.84,0.11,0.13,nmap
9,udp,eco_i,SF,21,1,0,0,0,2,0,0,0,0,0,0,0,0,0,0,0,0,281,1,0.72,0.83,0.49,0.47,0.2,0.71,0.37,44,46,0.7,0.89,0.94,0.99,0.5,0.7,0.43,0.46,nmap
4,icmp,eco_i,SF,33,39,0,0,0,9,0,0,0,0,0,0,0,0,0,0,0,1,53,6,0.89,0.9,0.38,0.39,0.13,0.77,0.62,81,198,0.61,0.78,0.53,0.54,0.92,0.9,0.41,0.29,saint
248,icmp,http,S0,551,6128,0,0,0,22,0,1,0,0,0,0,3,0,0,0,0,0,38,28,0.02,0.02,0.05,0.05,0.72,0.14,0.13,183,232,0.85,0.63,0.58,0.83,0.01,0.01,0.06,0.05,normal
292,udp,smtp,SF,7602,5968,0,0,0,21,0,1,0,0,0,0,5,0,0,0,0,0,22,33,0.03,0.03,0.1,0.09,0.84,0.14,0.18,38,49,0.54,0.8,0.64,0.14,0.02,0.04,0.09,0.07,normal
83,tcp,domain,S0,5526,8442,0,0,0,23,0,1,0,0,0,0,2,0,5,0,1,0,38,5,0.04,0.04,0.08,0.07,0.96,0.27,0.82,177,150,0.37,0.83,0.05,0.44,0.05,0.03,0.08,0.06,normal
0,icmp,other,SF,46,3,0,0,0,1,0,0,0,0,0,0,0,0,0,0,1,0,66,7,0.61,0.54,0.35,0.3,0.1,0.64,0.85,240,90,0.5,0.92,0.61,0.89,0.75,0.53,0.26,0.35,satan
1,tcp,eco_i,RSTOS0,30,11,0,1,0,11,0,0,0,0,0,0,0,0,0,0,0,1,314,137,0.88,0.73,0.19,0.21,0.98,0.08,0.94,30,46,0.12,0.37,0.0,0.18,0.86,1.04,0.24,0.2,pod
218,tcp,private,SF,5992,3775,0,0,0,10,0,1,0,0,0,0,3,0,4,0,0,0,29,4,0.08,0.07,0.01,0.01,0.71,0.14,0.91,44,159,0.56,0.33,0.29,0.81,0.06,0.09,0.01,0.01,normal
211,udp,smtp,REJ,4262,4621,0,0,0,29,0,1,0,0,0,0,5,0,4,0,0,0,31,50,0.01,0.01,0.08,0.07,0.73,0.19,0.31,42,109,0.9,0.73,0.07,0.26,0.01,0.01,0.09,0.09,normal
93,tcp,ssh,S0,3545,5947,0,0,0,16,0,1,0,0,0,0,1,0,3,0,0,0,29,17,0.05,0.05,0.09,0.08,0.77,0.26,0.55,19,219,0.45,0.59,0.22,0.72,0.04,0.05,0.09,0.07,normal
90,udp,smtp,S0,4931,6700,0,0,0,1,0,1,0,0,0,0,2,0,5,0,1,0,9,35,0.0,0.0,0.03,0.04,0.83,0.13,0.35,186,203,0.16,0.56,0.73,0.01,0.0,0.01,0.04,0.03,normal
158,icmp,http,REJ,9881,1716,0,0,0,19,0,1,0,0,0,0,3,0,0,0,0,0,15,7,0.1,0.08,0.1,0.11,0.84,0.15,0.7,227,199,0.05,0.7,0.17,0.02,0.11,0.09,0.08,0.12,normal
87,tcp,telnet,SF,1454,682,0,0,0,2,0,0,1,0,0,0,6,0,0,0,1,0,5,3,0.13,0.12,0.09,0.11,0.62,0.37,0.93,177,132,0.44,0.89,0.34,0.44,0.1,0.16,0.07,0.09,guess_passwd
66,udp,domain,REJ,861,5847,0,0,0,0,0,1,0,0,0,0,0,0,0,0,1,0,46,48,0.06,0.05,0.04,0.04,0.71,0.07,0.22,155,6,0.2,0.9,0.12,0.28,0.05,0.04,0.03,0.03,normal
0,tcp,http,RSTO,80,78,0,0,0,11,0,0,0,0,0,0,0,0,0,0,1,0,213,434,0.87,1.01,0.12,0.13,0.98,0.1,0.34,23,185,0.39,0.03,0.41,0.49,1.1,0.61,0.09,0.13,back
9,tcp,smtp,S0,7296,488,0,0,0,6,0,0,5,0,0,0,3,0,10,0,1,1,9,1,0.23,0.24,0.27,0.32,0.7,0.35,0.37,115,10,0.0,0.49,0.38,0.85,0.19,0.21,0.22,0.29,warezclient
7,tcp,eco_i,REJ,16,8,0,0,0,1,0,0,0,0,0,0,0,0,0,0,0,0,280,7,0.59,0.53,0.05,0.05,0.16,0.59,0.33,48,35,0.02,0.79,0.57,0.64,0.73,0.71,0.04,0.04,portsweep
4,udp,eco_i,REJ,1,19,0,0,0,9,0,0,0,0,0,0,0,0,0,0,1,1,145,296,0.88,0.82,0.04,0.05,0.83,0.09,0.56,230,165,0.86,0.86,0.09,0.59,0.93,0.84,0.04,0.03,pod
53,tcp,telnet,SF,2417,468,0,0,0,0,0,0,5,0,0,0,9,0,2,0,1,0,12,6,0.16,0.13,0.02,0.02,0.48,0.34,0.16,3,92,0.19,0.7,0.17,0.65,0.17,0.17,0.02,0.03,ftp_write
63,icmp,domain,S0,120,6047,0,0,0,17,0,1,0,0,0,0,2,0,2,0,0,0,37,7,0.04,0.05,0.08,0.09,0.85,0.06,0.57,237,240,0.17,0.69,0.38,0.52,0.05,0.05,0.09,0.1,normal
110,tcp,domain,S0,2582,8381,0,0,0,21,0,1,0,0,0,0,2,0,0,0,0,0,38,31,0.09,0.11,0.08,0.07,0.78,0.29,0.72,244,83,0.0,0.18,0.21,0.29,0.07,0.11,0.1,0.06,normal
32,tcp,ftp,S0,4666,498,0,0,0,19,0,0,3,0,0,0,5,0,9,0,0,0,9,4,0.22,0.23,0.28,0.3,0.64,0.42,0.73,65,18,0.63,0.98,0.28,0.71,0.17,0.27,0.22,0.27,warezclient
65,icmp,http,SF,6160,3227,0,0,0,12,0,1,0,0,0,0,3,0,2,0,0,0,3,50,0.08,0.06,0.05,0.06,0.83,0.27,0.06,118,225,0.46,0.36,0.9,0.1,0.08,0.06,0.04,0.04,normal
45,udp,private,REJ,1262,7745,0,0,0,3,0,1,0,0,0,0,4,0,1,0,0,0,20,25,0.09,0.08,0.0,0.0,0.98,0.17,0.74,141,34,0.62,0.39,0.15,0.08,0.11,0.11,0.0,0.0,normal
207,icmp,ftp,S0,6493,7594,0,0,0,11,0,1,0,0,0,0,4,0,3,0,1,0,49,3,0.04,0.03,0.07,0.07,0.98,0.03,0.78,130,153,0.66,0.44,0.43,0.98,0.04,0.04,0.06,0.06,normal
4,udp,private,REJ,6225,2790,0,0,0,9,0,1,0,0,0,0,0,0,0,0,0,0,30,13,0.01,0.01,0.02,0.02,0.74,0.26,0.67,175,164,0.27,0.15,0.68,0.85,0.01,0.02,0.02,0.02,normal
189,tcp,http,SF,1308,2066,0,0,0,21,2,1,4,0,2,37,15,1,12,0,0,0,5,2,0.13,0.12,0.11,0.1,0.69,0.07,0.25,103,17,0.81,0.24,0.08,0.83,0.16,0.13,0.11,0.11,buffer_overflow
3,tcp,other,RSTO,63,42,0,3,0,30,0,0,0,0,0,0,0,0,0,0,1,0,305,400,0.94,0.89,0.14,0.13,1.0,0.07,0.37,241,138,0.39,0.93,0.59,0.5,1.2,0.7,0.12,0.13,back
175,udp,ftp,SF,8823,179,0,0,0,5,0,1,0,0,0,0,0,0,2,0,1,0,37,22,0.09,0.1,0.09,0.09,0.98,0.09,0.94,195,203,0.3,0.45,0.11,0.92,0.07,0.11,0.08,0.08,normal
0,udp,private,RSTOS0,15,36,0,0,0,30,0,0,0,0,0,0,0,0,0,0,1,0,441,235,0.93,0.86,0.12,0.11,0.85,0.09,0.31,28,231,0.57,0.22,0.77,0.23,1.19,1.03,0.08,0.12,pod
3,tcp,eco_i,REJ,18,15,0,0,0,5,0,0,0,0,0,0,0,0,0,0,0,1,288,473,0.91,1.02,0.02,0.02,0.99,0.03,0.74,90,221,0.89,0.51,0.46,0.27,1.01,1.12,0.02,0.01,neptune
83,icmp,private,SF,8717,6782,0,0,0,12,0,1,0,0,0,0,4,0,3,0,1,0,22,48,0.08,0.08,0.02,0.02,0.83,0.14,0.0,142,31,0.65,0.05,0.76,0.7,0.1,0.1,0.03,0.02,normal
41,tcp,smtp,REJ,847,37,0,0,0,27,0,0,2,0,0,0,7,0,10,0,0,0,1,3,0.15,0.14,0.2,0.21,0.59,0.22,0.23,63,111,0.76,0.53,0.63,0.09,0.19,0.18,0.17,0.17,phf
5,tcp,private,RSTOS0,22,92,0,0,0,11,0,0,0,0,0,0,0,0,0,0,0,1,407,430,0.84,0.99,0.15,0.14,0.97,0.08,0.89,109,120,0.15,0.15,0.69,0.81,0.7,0.9,0.18,0.15,back
147,udp,ssh,REJ,3688,5850,0,0,0,2,0,1,0,0,0,0,3,0,3,0,0,0,15,9,0.02,0.02,0.04,0.04,0.85,0.29,0.51,199,254,0.79,0.12,0.51,0.16,0.03,0.02,0.03,0.04,normal
51,udp,private,REJ,3691,9196,0,0,0,13,0,1,0,0,0,0,5,0,5,0,1,0,44,36,0.06,0.06,0.02,0.02,0.73,0.26,0.4,102,166,0.44,0.26,0.15,0.98,0.08,0.08,0.02,0.01,normal
260,tcp,private,SF,4834,4207,0,0,0,20,0,1,0,0,0,0,5,0,5,0,0,0,10,23,0.06,0.05,0.07,0.08,0.92,0.05,0.41,193,93,0.82,0.62,0.99,0.21,0.06,0.07,0.06,0.08,normal
1,tcp,http,S0,34,50,0,3,0,17,0,0,0,0,0,0,0,0,0,0,1,0,241,153,0.97,1.02,0.0,0.0,0.93,0.02,0.01,36,112,0.77,0.17,0.66,0.51,0.84,0.91,0.0,0.0,teardrop
0,udp,eco_i,RSTOS0,5,46,0,2,0,2,0,0,0,0,0,0,0,0,0,0,1,1,228,391,0.81,0.68,0.03,0.04,0.93,0.01,0.92,175,168,0.43,0.02,0.93,0.09,0.92,0.86,0.03,0.03,teardrop
183,tcp,http,S0,58,2296,0,0,0,3,0,1,0,0,0,0,5,0,3,0,0,0,2,17,0.02,0.02,0.1,0.08,0.9,0.02,0.31,103,124,0.75,0.43,0.95,0.4,0.02,0.02,0.09,0.1,normal
110,tcp,smtp,S0,8087,7977,0,0,0,24,0,1,0,0,0,0,3,0,5,0,0,0,15,6,0.08,0.08,0.1,0.09,0.76,0.13,0.58,243,215,0.35,0.84,0.94,0.94,0.09,0.1,0.11,0.09,normal
46,icmp,ssh,S0,5108,3136,0,0,0,1,0,1,0,0,0,0,0,0,1,0,0,0,2,33,0.07,0.06,0.08,0.07,0.89,0.05,0.84,178,248,0.81,0.27,0.28,0.64,0.08,0.06,0.06,0.06,normal
287,udp,ssh,S0,5115,8975,0,0,0,13,0,1,0,0,0,0,2,0,0,0,0,0,43,49,0.04,0.04,0.04,0.04,0.87,0.18,0.69,17,131,0.86,0.03,0.41,0.35,0.05,0.04,0.03,0.05,normal
157,tcp,ftp,SF,3904,3715,0,0,0,23,3,1,4,1,0,7,12,4,15,0,0,0,2,2,0.18,0.15,0.11,0.11,0.68,0.17,0.16,82,236,0.41,0.21,0.3,0.99,0.21,0.19,0.14,0.12,perl
291,udp,domain,S0,5762,4665,0,0,0,7,0,1,0,0,0,0,2,0,5,0,1,0,27,43,0.04,0.05,0.03,0.03,0.8,0.08,0.79,156,62,0.4,0.93,0.59,0.75,0.04,0.05,0.04,0.03,normal
115,icmp,ftp,S0,4372,331,0,0,0,10,0,1,0,0,0,0,0,0,4,0,1,0,34,49,0.07,0.06,0.07,0.07,0.87,0.04,0.72,111,138,0.1,0.16,0.97,1.0,0.08,0.07,0.05,0.05,normal
7,udp,eco_i,REJ,12,18,0,0,0,4,0,0,0,0,0,0,0,0,0,0,0,0,211,7,0.69,0.55,0.24,0.22,0.18,0.93,0.57,155,195,0.93,0.15,0.61,0.57,0.82,0.54,0.27,0.22,portsweep
58,tcp,private,S0,5511,6496,0,0,0,30,0,1,0,0,0,0,5,0,3,0,0,0,23,34,0.07,0.07,0.04,0.04,0.8,0.1,0.81,111,35,0.26,0.36,0.3,0.26,0.06,0.07,0.03,0.03,normal
189,tcp,smtp,S0,3057,3171,0,0,0,9,0,1,0,0,0,0,2,0,3,0,0,0,27,11,0.09,0.08,0.07,0.07,0.71,0.07,0.11,154,118,0.66,0.71,0.42,0.74,0.1,0.1,0.09,0.08,normal
282,icmp,ftp,REJ,2357,9373,0,0,0,21,0,1,0,0,0,0,0,0,5,0,1,0,18,25,0.08,0.07,0.1,0.09,0.75,0.24,0.47,96,19,0.3,0.84,0.06,0.23,0.09,0.09,0.12,0.08,normal
4,udp,eco_i,REJ,11,28,0,0,0,4,0,0,0,0,0,0,0,0,0,0,0,0,242,6,0.86,0.7,0.38,0.3,0.23,0.6,0.33,55,110,0.2,0.01,0.02,0.2,0.82,0.83,0.43,0.29,saint
46,tcp,ftp,S0,7093,145,0,0,0,11,0,0,1,0,0,0,4,0,10,0,0,0,16,10,0.18,0.15,0.23,0.26,0.43,0.47,0.91,132,249,0.17,0.03,0.27,0.92,0.22,0.13,0.23,0.22,spy
11,tcp,http,REJ,2771,980,0,0,0,14,0,1,2,0,0,0,10,0,8,0,0,0,6,3,0.09,0.1,0.26,0.26,0.32,0.44,0.64,253,164,0.82,0.41,0.62,0.83,0.11,0.07,0.23,0.25,warezclient
4,udp,private,RSTOS0,80,18,0,2,0,25,0,0,0,0,0,0,0,0,0,0,1,1,358,132,0.84,0.8,0.06,0.06,0.81,0.1,0.71,75,126,0.49,0.63,0.45,0.77,0.62,0.68,0.05,0.05,smurf
271,udp,domain,SF,3911,5729,0,0,0,27,0,1,0,0,0,0,0,0,3,0,0,0,45,36,0.04,0.05,0.09,0.09,0.88,0.2,0.69,115,77,0.35,0.59,0.62,0.25,0.04,0.04,0.1,0.11,normal
52,tcp,smtp,SF,8114,6403,0,0,0,4,0,1,0,0,0,0,2,0,1,0,0,0,48,17,0.02,0.02,0.06,0.05,0.75,0.01,0.32,133,195,0.85,0.19,0.2,0.74,0.03,0.03,0.05,0.05,normal
9,udp,domain,REJ,8227,8382,0,0,0,19,0,1,0,0,0,0,0,0,2,0,1,0,39,38,0.09,0.1,0.0,0.0,0.84,0.24,0.07,160,97,0.79,0.45,0.26,0.7,0.07,0.09,0.0,0.0,normal
5,udp,private,REJ,11,28,0,0,0,4,0,0,0,0,0,0,0,0,0,0,0,1,285,8,0.74,0.61,0.4,0.38,0.05,0.68,0.54,72,68,0.03,0.37,0.73,0.16,0.78,0.57,0.36,0.48,mscan
27,tcp,ftp,SF,9789,325,0,0,0,26,0,0,5,0,0,0,6,0,2,0,1,0,11,10,0.12,0.1,0.13,0.12,0.49,0.42,0.34,132,13,0.65,0.55,0.1,0.2,0.09,0.13,0.15,0.09,multihop
273,tcp,private,SF,1102,1421,0,0,0,21,0,1,0,0,0,0,2,0,4,0,0,0,12,10,0.01,0.01,0.08,0.08,0.93,0.11,0.87,213,255,0.99,0.3,0.01,0.76,0.01,0.01,0.09,0.06,normal
156,tcp,private,SF,747,6411,0,0,0,26,0,1,0,0,0,0,3,0,1,0,1,0,12,37,0.09,0.09,0.09,0.1,0.85,0.19,0.96,205,144,0.95,0.4,0.31,0.75,0.1,0.11,0.08,0.1,normal
72,icmp,ssh,SF,2983,1280,0,0,0,6,0,1,0,0,0,0,2,0,4,0,0,0,13,12,0.0,0.0,0.07,0.07,0.71,0.05,0.51,57,46,0.47,0.61,0.15,0.76,0.0,0.0,0.07,0.07,normal
82,icmp,private,SF,1866,9053,0,0,0,22,0,1,0,0,0,0,5,0,1,0,0,0,2,4,0.02,0.02,0.04,0.04,0.82,0.22,0.2,82,172,0.19,0.4,0.87,0.0,0.02,0.02,0.03,0.04,normal
120,icmp,private,SF,5870,9112,0,0,0,1,0,1,0,0,0,0,4,0,4,0,0,0,45,11,0.09,0.09,0.08,0.09,0.88,0.2,0.43,234,223,0.93,0.86,0.18,0.56,0.11,0.11,0.08,0.1,normal
1,udp,other,S0,64,43,0,0,0,14,0,0,0,0,0,0,0,0,0,0,0,0,423,377,0.98,0.96,0.15,0.14,0.95,0.02,0.78,0,38,0.19,0.66,0.79,0.2,0.82,1.05,0.11,0.15,smurf
114,udp,smtp,S0,9881,1087,0,0,0,15,0,1,0,0,0,0,3,0,3,0,1,0,34,31,0.03,0.03,0.09,0.08,0.92,0.21,0.76,189,85,0.01,0.9,0.54,0.1,0.04,0.03,0.11,0.1,normal
227,udp,http,S0,8293,1863,0,0,0,21,0,1,0,0,0,0,2,0,2,0,1,0,23,38,0.04,0.04,0.09,0.09,0.89,0.16,0.99,77,200,0.38,0.7,0.82,0.53,0.05,0.04,0.08,0.1,normal
229,tcp,ftp,REJ,8360,9768,0,0,0,24,0,1,0,0,0,0,5,0,0,0,1,0,37,11,0.03,0.04,0.02,0.03,0.78,0.13,0.58,11,227,0.27,0.48,0.76,0.41,0.04,0.04,0.02,0.02,normal
0,icmp,http,RSTOS0,39,87,0,3,0,2,0,0,0,0,0,0,0,0,0,0,0,1,230,386,0.87,0.74,0.12,0.12,0.91,0.04,0.29,234,175,0.21,0.73,0.54,0.53,1.13,0.76,0.13,0.09,teardrop
5,icmp,smtp,REJ,8483,6513,0,0,0,30,0,1,0,0,0,0,3,0,1,0,1,0,1,21,0.1,0.08,0.01,0.01,0.97,0.01,0.55,31,9,0.84,0.18,0.53,0.25,0.1,0.11,0.01,0.01,normal
97,icmp,http,S0,7954,5049,0,0,0,17,0,1,0,0,0,0,5,0,0,0,1,0,43,35,0.06,0.05,0.06,0.07,0.92,0.08,0.01,228,189,0.92,0.05,0.21,0.68,0.06,0.06,0.06,0.07,normal
5,icmp,private,SF,22,24,0,0,0,17,0,0,0,0,0,0,0,0,0,0,1,1,124,2,0.78,0.76,0.38,0.31,0.06,0.72,0.76,9,60,0.53,0.16,0.88,0.8,0.56,0.84,0.32,0.35,saint
1,tcp,eco_i,RSTO,38,32,0,1,0,13,0,0,0,0,0,0,0,0,0,0,1,1,407,404,0.99,0.86,0.08,0.09,0.85,0.03,0.38,64,59,0.32,0.34,0.6,0.87,0.77,1.24,0.09,0.06,neptune
9,tcp,eco_i,S0,13,40,0,0,0,12,0,0,0,0,0,0,0,0,0,0,1,1,215,5,0.72,0.77,0.01,0.01,0.15,0.74,0.6,223,167,0.17,0.85,0.82,0.53,0.64,0.72,0.01,0.01,portsweep
178,tcp,http,SF,9813,973,0,0,0,24,0,1,0,0,0,0,0,0,5,0,1,0,1,48,0.02,0.02,0.01,0.01,0.76,0.03,0.14,237,253,0.16,0.77,0.54,0.55,0.02,0.02,0.01,0.01,normal
87,tcp,domain,REJ,5051,2840,0,0,0,15,0,1,0,0,0,0,4,0,2,0,1,0,44,23,0.01,0.01,0.09,0.08,0.73,0.03,0.05,26,24,0.36,0.6,0.26,0.45,0.01,0.01,0.08,0.07,normal
3,tcp,eco_i,S0,59,15,0,2,0,27,0,0,0,0,0,0,0,0,0,0,0,0,397,253,0.94,0.88,0.2,0.2,0.89,0.03,0.53,113,99,0.12,0.22,0.08,0.79,1.05,0.79,0.21,0.25,back
9,tcp,http,SF,4245,4482,0,0,0,3,0,1,5,1,0,41,3,2,6,0,1,0,3,9,0.01,0.01,0.16,0.15,0.74,0.14,0.83,108,167,0.73,0.48,0.81,0.51,0.01,0.01,0.12,0.15,perl
149,udp,ssh,S0,1485,7901,0,0,0,7,0,1,0,0,0,0,0,0,2,0,0,0,29,48,0.04,0.04,0.02,0.01,0.94,0.18,0.6,131,192,0.63,0.43,0.97,0.34,0.04,0.04,0.02,0.02,normal
272,icmp,domain,S0,7909,3783,0,0,0,22,0,1,0,0,0,0,1,0,0,0,0,0,37,2,0.05,0.05,0.02,0.02,0.98,0.21,0.52,147,87,0.65,0.39,0.74,0.51,0.05,0.06,0.03,0.03,normal
4,udp,other,REJ,71,47,0,3,0,23,0,0,0,0,0,0,0,0,0,0,0,0,268,425,0.94,0.82,0.07,0.06,0.9,0.09,0.75,236,37,0.82,0.3,0.54,0.64,1.17,0.91,0.05,0.05,teardrop
297,icmp,ftp,S0,5435,1670,0,0,0,2,0,1,0,0,0,0,4,0,0,0,0,0,18,14,0.04,0.05,0.08,0.08,0.75,0.3,0.21,174,222,0.85,0.11,0.08,0.25,0.05,0.04,0.08,0.07,normal
2,tcp,smtp,REJ,9485,645,0,0,0,7,0,1,3,0,0,0,9,0,3,0,1,0,6,2,0.13,0.11,0.17,0.2,0.45,0.24,0.31,10,237,0.96,0.01,0.84,0.32,0.1,0.13,0.2,0.13,warezclient
299,tcp,http,SF,8776,2108,0,0,0,1,0,1,0,0,0,0,5,0,3,0,0,0,37,31,0.03,0.03,0.06,0.06,0.79,0.04,0.54,51,62,0.04,0.33,0.88,0.3,0.03,0.03,0.05,0.06,normal
3,tcp,other,RSTOS0,17,56,0,0,0,11,0,0,0,0,0,0,0,0,0,0,0,0,211,453,0.87,0.94,0.14,0.15,0.88,0.02,0.54,220,46,0.37,0.96,0.45,0.25,0.95,1.06,0.17,0.12,pod
95,udp,ftp,SF,1709,6273,0,0,0,15,0,1,0,0,0,0,4,0,1,0,1,0,19,16,0.04,0.03,0.07,0.06,0.71,0.04,0.16,215,193,0.41,0.34,0.25,0.18,0.03,0.05,0.06,0.08,normal
0,tcp,http,RSTOS0,41,81,0,1,0,1,0,0,0,0,0,0,0,0,0,0,1,0,271,374,0.97,0.79,0.13,0.14,0.86,0.08,0.55,69,251,0.98,0.01,0.14,0.42,0.93,1.23,0.13,0.1,neptune
2,udp,http,REJ,75,40,1,1,0,22,0,0,0,0,0,0,0,0,0,0,0,0,111,394,0.88,0.77,0.16,0.16,0.88,0.04,0.86,232,138,0.87,0.75,0.35,0.86,0.74,1.06,0.14,0.18,land
251,tcp,ssh,S0,3270,398,0,0,0,24,0,1,0,0,0,0,3,0,2,0,0,0,42,28,0.08,0.07,0.1,0.11,1.0,0.24,0.59,33,252,0.21,0.47,0.65,0.36,0.08,0.09,0.08,0.08,normal
7,udp,http,SF,188,9963,0,0,0,0,0,1,0,0,0,0,5,0,3,0,0,0,1,40,0.09,0.09,0.09,0.09,0.8,0.15,0.35,85,20,0.92,0.07,0.85,0.86,0.08,0.07,0.07,0.1,normal
68,tcp,ftp,S0,1136,372,0,0,0,5,0,1,0,0,0,0,4,0,1,0,1,0,4,46,0.07,0.07,0.07,0.08,0.95,0.08,0.84,38,30,0.62,0.71,0.31,0.95,0.09,0.05,0.06,0.09,normal
285,udp,smtp,REJ,6436,4240,0,0,0,5,0,1,0,0,0,0,2,0,1,0,1,0,37,27,0.02,0.02,0.02,0.02,0.72,0.15,0.69,109,88,0.42,0.11,0.83,0.05,0.02,0.02,0.02,0.02,normal
243,tcp,smtp,REJ,6593,7400,0,0,0,24,0,1,0,0,0,0,4,0,2,0,0,0,45,42,0.02,0.02,0.09,0.1,0.75,0.01,0.72,35,184,0.2,0.96,0.58,0.01,0.02,0.02,0.07,0.07,normal
170,icmp,http,SF,7609,3592,0,0,0,3,0,1,0,0,0,0,1,0,0,0,0,0,40,30,0.01,0.01,0.08,0.07,0.71,0.14,0.04,241,38,0.66,0.5,0.19,0.02,0.01,0.01,0.09,0.09,normal
3,tcp,http,REJ,70,8,0,3,0,26,0,0,0,0,0,0,0,0,0,0,0,1,103,332,0.85,0.78,0.05,0.05,0.81,0.1,0.9,94,184,0.14,0.65,0.02,0.34,0.71,0.9,0.06,0.04,neptune
5,tcp,eco_i,RSTO,94,57,1,3,0,11,0,0,0,0,0,0,0,0,0,0,1,0,192,292,0.92,0.82,0.04,0.04,0.84,0.06,0.41,238,153,0.72,0.02,0.97,0.13,1.17,1.1,0.04,0.04,land
18,tcp,http,SF,9470,1859,0,0,0,9,0,1,0,0,0,0,3,0,5,0,1,0,21,35,0.06,0.05,0.08,0.09,0.75,0.13,0.79,215,64,0.21,0.38,0.06,0.01,0.06,0.05,0.07,0.08,normal
285,tcp,domain,SF,9419,582,0,0,0,18,0,1,0,0,0,0,0,0,3,0,0,0,32,19,0.06,0.06,0.06,0.07,0.73,0.09,0.63,101,166,0.98,0.28,0.27,0.44,0.06,0.08,0.06,0.04,normal
270,udp,ftp,S0,7122,3121,0,0,0,21,0,1,0,0,0,0,5,0,3,0,0,0,10,46,0.09,0.1,0.02,0.02,1.0,0.06,0.33,106,111,0.0,0.02,0.55,0.38,0.1,0.1,0.02,0.02,normal
2,tcp,domain,REJ,9417,9358,0,0,0,18,0,1,0,0,0,0,0,0,3,0,0,0,6,8,0.03,0.03,0.04,0.03,0.7,0.17,0.49,233,235,0.74,0.62,0.39,0.54,0.03,0.02,0.05,0.05,normal
61,tcp,ftp_data,S0,4113,41,0,0,0,28,0,0,1,0,0,0,6,0,1,0,0,0,2,1,0.28,0.33,0.24,0.2,0.69,0.35,0.1,43,162,0.09,0.6,0.65,0.69,0.25,0.22,0.26,0.29,multihop
9,tcp,private,S0,247,1170,0,0,0,30,0,1,0,0,0,0,2,0,3,0,1,0,24,14,0.03,0.03,0.02,0.03,0.82,0.01,0.27,207,221,0.44,0.72,0.1,0.55,0.03,0.04,0.02,0.02,normal
5,tcp,private,REJ,83,28,0,3,0,1,0,0,0,0,0,0,0,0,0,0,1,0,405,492,0.86,0.86,0.0,0.0,0.99,0.04,0.9,239,116,0.79,0.36,0.97,0.41,0.68,1.08,0.0,0.0,neptune
44,tcp,domain,SF,9225,2335,0,0,0,25,0,1,0,0,0,0,5,0,1,0,1,0,36,45,0.03,0.03,0.05,0.04,0.91,0.28,0.67,203,58,0.88,0.06,0.6,0.22,0.03,0.03,0.04,0.04,normal
73,udp,http,SF,1520,2929,0,0,0,0,0,1,0,0,0,0,0,0,1,0,1,0,13,9,0.06,0.07,0.1,0.11,0.89,0.02,0.01,219,222,0.75,0.22,0.81,0.89,0.07,0.07,0.09,0.11,normal
167,tcp,ftp,SF,1282,3702,0,0,0,30,0,1,6,0,0,47,16,5,7,0,1,0,7,4,0.17,0.17,0.06,0.05,0.91,0.01,0.23,215,42,0.49,0.41,0.17,0.94,0.2,0.2,0.05,0.06,loadmodule
57,tcp,ftp,REJ,6522,867,0,0,0,28,0,0,2,0,0,0,1,0,9,0,1,1,14,7,0.28,0.32,0.28,0.27,0.61,0.49,0.86,138,150,0.47,0.83,0.66,0.58,0.3,0.26,0.2,0.36,multihop
261,udp,domain,REJ,7969,4987,0,0,0,13,0,1,0,0,0,0,2,0,5,0,1,0,10,9,0.02,0.02,0.09,0.1,0.94,0.09,0.15,172,221,0.84,0.6,0.75,0.16,0.02,0.03,0.06,0.08,normal
5,tcp,http,S0,12,85,0,3,0,27,0,0,0,0,0,0,0,0,0,0,1,0,496,200,0.91,0.84,0.02,0.02,0.83,0.02,0.59,147,91,0.72,0.53,0.28,0.8,0.93,1.18,0.02,0.02,back
50,tcp,http,SF,1542,2687,0,0,0,3,0,1,0,0,0,0,1,0,0,0,1,0,24,20,0.02,0.02,0.07,0.08,0.72,0.22,0.95,217,2,0.82,0.24,0.14,0.71,0.02,0.02,0.05,0.06,normal
103,tcp,domain,S0,9073,9753,0,0,0,9,0,1,0,0,0,0,0,0,1,0,1,0,40,39,0.09,0.1,0.0,0.0,0.73,0.08,0.75,254,50,0.59,0.47,0.65,0.41,0.11,0.07,0.01,0.0,normal
87,tcp,smtp,SF,8412,264,0,0,0,3,0,1,2,0,0,0,0,0,10,0,0,0,4,10,0.19,0.17,0.25,0.25,0.55,0.45,0.22,84,61,0.02,0.92,0.56,0.68,0.23,0.2,0.18,0.2,phf
28,icmp,smtp,S0,1884,6857,0,0,0,28,0,1,0,0,0,0,1,0,1,0,0,0,7,28,0.0,0.0,0.07,0.08,0.73,0.18,0.59,196,128,0.48,0.77,0.54,0.49,0.0,0.0,0.08,0.07,normal
3,tcp,ftp,REJ,294,9045,0,0,0,27,0,1,0,0,0,0,2,0,5,0,1,0,24,23,0.05,0.04,0.1,0.11,0.71,0.05,0.21,202,95,0.16,0.82,0.39,0.04,0.06,0.05,0.11,0.1,normal
6,icmp,eco_i,SF,24,28,0,0,0,29,0,0,0,0,0,0,0,0,0,0,1,0,224,6,0.53,0.45,0.31,0.25,0.04,0.79,0.12,208,152,0.82,0.39,0.0,0.93,0.44,0.49,0.4,0.39,nmap
1,tcp,eco_i,REJ,89,95,0,0,0,16,0,0,0,0,0,0,0,0,0,0,0,0,417,375,0.97,0.79,0.12,0.11,0.86,0.09,0.11,217,38,0.81,0.32,0.23,0.15,0.9,0.72,0.11,0.11,back
6,icmp,eco_i,RSTO,45,50,0,0,0,17,0,0,0,0,0,0,0,0,0,0,0,0,112,4,0.83,0.67,0.47,0.38,0.26,0.62,0.12,141,255,0.42,0.77,0.16,0.51,0.99,0.98,0.57,0.36,saint
282,udp,ftp,REJ,1871,2291,0,0,0,18,0,1,0,0,0,0,1,0,1,0,1,0,35,50,0.01,0.01,0.04,0.04,0.85,0.24,0.1,185,132,0.15,0.85,0.64,0.76,0.01,0.01,0.04,0.04,normal
149,udp,private,S0,4640,6977,0,0,0,1,0,1,0,0,0,0,3,0,1,0,1,0,50,30,0.05,0.04,0.0,0.0,0.72,0.03,0.26,246,117,0.48,0.72,0.22,0.49,0.04,0.04,0.0,0.0,normal
37,udp,domain,S0,7570,3016,0,0,0,12,0,1,0,0,0,0,5,0,4,0,0,0,25,4,0.02,0.02,0.02,0.02,0.78,0.23,0.52,153,23,0.45,0.43,0.14,0.45,0.02,0.02,0.01,0.02,normal
3,udp,private,RSTO,30,26,0,0,0,16,0,0,0,0,0,0,0,0,0,0,1,0,227,3,0.68,0.65,0.06,0.07,0.27,0.72,0.03,134,201,0.59,0.23,0.06,0.33,0.63,0.57,0.04,0.07,mscan
1,udp,private,RSTOS0,95,10,0,2,0,20,0,0,0,0,0,0,0,0,0,0,1,1,405,330,0.89,0.87,0.05,0.06,0.8,0.02,0.5,237,255,0.71,0.34,0.16,0.85,0.93,1.08,0.04,0.06,pod
92,udp,smtp,S0,2183,7511,0,0,0,3,0,1,0,0,0,0,3,0,0,0,0,0,47,14,0.02,0.02,0.07,0.08,0.75,0.19,0.65,250,218,0.61,0.97,0.11,0.16,0.02,0.01,0.09,0.07,normal
282,udp,domain,REJ,3862,580,0,0,0,5,0,1,0,0,0,0,4,0,1,0,0,0,24,12,0.09,0.11,0.08,0.09,0.99,0.0,0.99,7,48,1.0,0.89,0.18,0.4,0.09,0.07,0.08,0.06,normal
237,tcp,smtp,SF,6604,3228,0,0,0,6,0,1,0,0,0,0,4,0,1,0,0,0,29,50,0.0,0.0,0.03,0.03,0.7,0.01,0.25,143,192,0.58,0.85,0.86,0.44,0.0,0.0,0.03,0.03,normal
276,tcp,domain,SF,6565,5376,0,0,0,3,0,1,0,0,0,0,4,0,2,0,0,0,17,4,0.02,0.02,0.03,0.03,0.92,0.25,0.46,80,252,0.18,0.86,0.16,0.57,0.02,0.01,0.04,0.03,normal
0,tcp,other,RSTOS0,57,50,0,2,0,18,0,0,0,0,0,0,0,0,0,0,1,1,187,332,0.97,1.02,0.11,0.12,0.86,0.1,0.37,231,0,0.51,0.55,0.3,0.0,1.12,1.26,0.13,0.13,teardrop
22,icmp,http,REJ,1742,9307,0,0,0,19,0,1,0,0,0,0,2,0,1,0,0,0,11,39,0.0,0.0,0.02,0.02,0.72,0.11,0.91,115,88,0.9,0.35,0.19,0.21,0.0,0.0,0.02,0.01,normal
5,udp,private,SF,39,46,0,0,0,27,0,0,0,0,0,0,0,0,0,0,1,1,107,6,0.64,0.69,0.4,0.35,0.2,0.52,0.19,125,98,0.88,0.29,0.25,0.92,0.68,0.5,0.47,0.29,mscan
275,icmp,smtp,SF,2119,4464,0,0,0,10,0,1,0,0,0,0,4,0,3,0,0,0,49,18,0.01,0.01,0.09,0.07,0.72,0.23,0.24,254,205,0.2,0.48,0.31,0.37,0.01,0.01,0.08,0.09,normal
1,icmp,private,RSTO,21,39,0,0,0,3,0,0,0,0,0,0,0,0,0,0,1,1,253,2,0.79,0.71,0.09,0.09,0.13,0.85,0.94,140,242,0.32,0.67,0.51,0.92,0.67,0.6,0.11,0.1,mscan
1,udp,private,SF,0,36,0,0,0,4,0,0,0,0,0,0,0,0,0,0,1,0,201,3,0.83,0.73,0.44,0.48,0.27,0.66,0.06,117,169,0.35,0.32,0.27,0.72,0.65,0.87,0.34,0.37,satan
7,udp,other,RSTO,40,8,0,0,0,4,0,0,0,0,0,0,0,0,0,0,0,0,116,8,0.8,0.8,0.06,0.06,0.21,0.63,0.82,164,56,0.59,0.74,0.97,0.3,0.82,0.8,0.06,0.07,saint
3,tcp,private,RSTO,22,6,0,0,0,9,0,0,0,0,0,0,0,0,0,0,1,1,141,10,0.97,0.8,0.08,0.08,0.14,0.77,0.64,183,98,0.83,0.54,0.97,0.32,0.93,1.14,0.06,0.1,ipsweep
260,udp,ssh,S0,2103,9626,0,0,0,11,0,1,0,0,0,0,2,0,5,0,0,0,50,11,0.04,0.04,0.09,0.09,0.96,0.19,0.56,88,93,0.87,0.01,0.11,0.18,0.04,0.04,0.1,0.07,normal
7,tcp,other,RSTO,12,37,0,0,0,25,0,0,0,0,0,0,0,0,0,0,0,0,244,5,0.94,1.1,0.32,0.27,0.03,0.97,0.57,89,5,0.79,0.61,0.66,0.39,1.13,0.91,0.25,0.3,nmap
175,tcp,domain,S0,7100,3231,0,0,0,1,0,1,0,0,0,0,4,0,0,0,0,0,12,5,0.05,0.05,0.03,0.03,0.71,0.22,0.76,90,68,0.16,0.84,0.09,0.95,0.04,0.06,0.03,0.03,normal
270,tcp,ssh,S0,660,5298,0,0,0,13,0,1,0,0,0,0,0,0,3,0,0,0,26,18,0.04,0.04,0.09,0.08,0.92,0.25,0.53,181,5,0.01,0.33,0.46,0.2,0.04,0.04,0.09,0.07,normal
56,tcp,smtp,S0,1928,253,0,0,0,3,0,1,0,0,0,0,1,0,5,0,1,0,42,40,0.03,0.02,0.07,0.08,0.99,0.09,0.29,100,235,0.18,0.47,0.89,0.52,0.03,0.02,0.09,0.05,normal
4,icmp,eco_i,S0,39,2,0,0,0,3,0,0,0,0,0,0,0,0,0,0,1,0,259,5,0.94,1.13,0.4,0.46,0.14,0.93,0.49,96,88,0.3,0.18,0.88,0.29,0.78,0.83,0.47,0.3,ipsweep
112,udp,ftp,S0,5542,3267,0,0,0,24,0,1,0,0,0,0,2,0,2,0,1,0,33,25,0.06,0.06,0.04,0.04,0.93,0.0,0.76,214,21,0.28,0.47,0.2,0.43,0.06,0.04,0.03,0.06,normal
116,icmp,ftp,REJ,5177,7942,0,0,0,0,0,1,0,0,0,0,4,0,4,0,0,0,48,18,0.02,0.02,0.04,0.03,0.78,0.1,0.53,134,218,0.05,0.49,0.65,0.41,0.01,0.01,0.04,0.05,normal
108,udp,http,S0,6196,1399,0,0,0,27,0,1,0,0,0,0,2,0,3,0,1,0,35,49,0.05,0.04,0.07,0.08,0.96,0.26,0.76,206,34,0.37,0.3,0.69,0.52,0.05,0.05,0.07,0.08,normal
243,icmp,smtp,REJ,1852,231,0,0,0,0,0,1,0,0,0,0,4,0,3,0,1,0,50,34,0.03,0.04,0.0,0.0,0.84,0.25,0.75,219,17,0.34,0.04,0.71,0.44,0.04,0.03,0.0,0.0,normal
225,icmp,smtp,SF,6678,7766,0,0,0,20,0,1,0,0,0,0,3,0,4,0,1,0,45,8,0.05,0.06,0.01,0.01,0.92,0.13,0.77,231,220,0.33,0.5,0.33,0.6,0.07,0.05,0.02,0.01,normal
86,icmp,domain,REJ,8302,7940,0,0,0,20,0,1,0,0,0,0,0,0,5,0,1,0,26,2,0.07,0.08,0.03,0.03,1.0,0.1,0.12,233,30,0.26,0.86,0.42,0.7,0.06,0.09,0.03,0.03,normal
105,tcp,http,SF,6639,2718,0,0,0,24,0,1,0,0,0,0,4,0,1,0,0,0,37,44,0.09,0.1,0.0,0.0,0.76,0.24,0.54,81,251,0.12,0.15,0.7,0.97,0.1,0.1,0.0,0.0,normal
4,tcp,other,RSTO,78,33,0,1,0,21,0,0,0,0,0,0,0,0,0,0,0,0,307,400,0.86,0.92,0.01,0.01,0.94,0.06,0.33,9,57,0.28,0.78,0.61,0.42,0.61,0.8,0.0,0.01,neptune
3,tcp,eco_i,REJ,38,33,0,0,0,25,0,0,0,0,0,0,0,0,0,0,0,0,91,5,0.62,0.66,0.46,0.51,0.22,0.64,0.69,38,238,0.72,0.11,0.47,0.86,0.43,0.67,0.58,0.39,satan
58,udp,private,REJ,9551,898,0,0,0,28,0,1,0,0,0,0,5,0,1,0,0,0,7,25,0.07,0.06,0.03,0.02,0.93,0.28,0.45,23,58,0.48,0.94,0.98,0.41,0.06,0.06,0.02,0.02,normal
4,tcp,http,RSTOS0,20,51,0,1,0,9,0,0,0,0,0,0,0,0,0,0,1,1,370,184,0.92,1.01,0.08,0.07,0.83,0.09,0.85,234,75,0.52,0.66,0.97,0.95,0.75,1.0,0.09,0.06,neptune
1,udp,domain,REJ,1890,9877,0,0,0,4,0,1,0,0,0,0,0,0,4,0,0,0,25,8,0.02,0.02,0.05,0.04,0.82,0.0,0.06,89,215,0.19,0.9,0.26,0.27,0.02,0.02,0.05,0.04,normal
267,icmp,ssh,SF,1380,2976,0,0,0,28,0,1,0,0,0,0,1,0,5,0,1,0,1,48,0.07,0.07,0.08,0.08,0.98,0.04,0.59,79,114,0.46,0.25,0.18,0.91,0.08,0.07,0.1,0.09,normal
192,icmp,ssh,SF,2210,4861,0,0,0,7,0,1,0,0,0,0,2,0,2,0,1,0,16,25,0.03,0.03,0.08,0.09,0.97,0.09,0.7,225,188,0.78,0.28,0.02,0.24,0.03,0.04,0.1,0.1,normal
60,udp,private,REJ,7451,8215,0,0,0,7,0,1,0,0,0,0,1,0,1,0,1,0,16,34,0.04,0.03,0.09,0.09,0.82,0.05,0.46,208,145,0.59,0.13,0.58,0.57,0.04,0.05,0.12,0.12,normal
25,udp,smtp,REJ,8642,6389,0,0,0,30,0,1,0,0,0,0,3,0,0,0,1,0,12,11,0.1,0.11,0.06,0.06,0.74,0.12,0.41,96,176,0.38,0.99,0.91,0.95,0.11,0.08,0.07,0.06,normal
27,tcp,ftp_data,REJ,7922,885,0,0,0,7,0,1,0,0,0,0,4,0,1,0,1,0,13,9,0.15,0.16,0.21,0.17,0.48,0.26,0.95,128,126,0.1,0.2,0.53,0.19,0.18,0.12,0.28,0.2,ftp_write
34,udp,ftp,SF,7691,6585,0,0,0,7,0,1,0,0,0,0,5,0,5,0,0,0,10,40,0.07,0.08,0.09,0.1,0.99,0.09,0.56,111,153,0.12,0.2,0.81,0.5,0.06,0.08,0.1,0.07,normal
276,udp,private,S0,6337,4918,0,0,0,22,0,1,0,0,0,0,2,0,4,0,0,0,11,48,0.08,0.06,0.09,0.08,0.74,0.27,0.34,118,15,0.57,0.48,0.43,0.61,0.09,0.08,0.08,0.12,normal
291,icmp,http,REJ,6112,6641,0,0,0,19,0,1,0,0,0,0,0,0,3,0,1,0,35,9,0.09,0.08,0.01,0.01,0.9,0.07,0.43,170,245,0.15,0.76,0.92,0.64,0.1,0.11,0.01,0.01,normal
32,tcp,ftp,REJ,2776,325,0,0,0,15,0,0,0,0,0,0,0,0,7,0,1,0,8,2,0.2,0.21,0.14,0.12,0.55,0.46,0.99,179,31,0.23,0.09,0.58,0.66,0.25,0.16,0.13,0.16,spy
1,icmp,private,RSTO,12,13,0,0,0,9,0,0,0,0,0,0,0,0,0,0,1,1,167,1,0.59,0.54,0.37,0.38,0.24,0.93,0.78,252,220,0.03,0.75,0.53,0.87,0.69,0.53,0.27,0.47,saint
240,udp,ftp,SF,1218,7770,0,0,0,22,0,1,0,0,0,0,0,0,3,0,0,0,41,3,0.1,0.12,0.07,0.06,0.96,0.29,0.54,177,40,0.27,0.38,0.97,0.04,0.12,0.1,0.06,0.05,normal
40,icmp,private,SF,5308,7453,0,0,0,29,0,1,0,0,0,0,5,0,0,0,1,0,17,18,0.07,0.06,0.06,0.06,0.9,0.07,0.47,25,145,0.01,0.25,0.83,0.01,0.06,0.09,0.05,0.05,normal
127,icmp,private,REJ,2501,2969,0,0,0,1,0,1,0,0,0,0,5,0,5,0,0,0,6,35,0.0,0.0,0.02,0.02,0.81,0.23,0.54,204,142,0.63,0.69,0.02,0.44,0.0,0.0,0.02,0.02,normal
195,udp,private,S0,9885,3435,0,0,0,14,0,1,0,0,0,0,1,0,4,0,1,0,14,47,0.02,0.02,0.07,0.06,0.74,0.02,0.91,27,221,0.49,0.51,0.96,0.56,0.03,0.02,0.06,0.09,normal
5,icmp,http,RSTO,28,10,0,0,0,10,0,0,0,0,0,0,0,0,0,0,1,1,202,448,0.97,0.99,0.03,0.03,0.88,0.01,0.8,123,95,0.66,0.11,0.66,0.03,1.26,1.15,0.03,0.02,pod
115,icmp,ssh,REJ,164,7849,0,0,0,21,0,1,0,0,0,0,0,0,4,0,0,0,31,18,0.04,0.04,0.03,0.03,0.84,0.21,0.08,32,148,0.39,0.07,0.62,0.34,0.03,0.03,0.03,0.03,normal
208,tcp,ssh,SF,4116,5402,0,0,0,12,0,1,0,0,0,0,1,0,5,0,0,0,45,49,0.06,0.06,0.09,0.08,0.81,0.29,0.13,248,229,0.01,0.91,0.52,0.05,0.07,0.04,0.08,0.09,normal
4,udp,http,SF,8748,1487,0,0,0,18,0,1,0,0,0,0,0,0,1,0,0,0,42,41,0.04,0.04,0.08,0.1,0.89,0.18,0.06,121,14,0.14,0.14,0.61,0.34,0.05,0.05,0.08,0.08,normal
187,tcp,http,REJ,3108,6479,0,0,0,29,0,1,0,0,0,0,3,0,2,0,1,0,3,4,0.06,0.07,0.05,0.06,0.71,0.26,0.26,139,70,0.04,0.29,0.56,0.6,0.07,0.08,0.04,0.04,normal
287,tcp,private,REJ,9802,6428,0,0,0,12,0,1,0,0,0,0,2,0,3,0,0,0,23,41,0.04,0.04,0.02,0.02,0.97,0.25,0.69,76,63,0.49,0.5,0.31,0.41,0.02,0.04,0.02,0.03,normal
8,udp,private,RSTO,0,18,0,0,0,11,0,0,0,0,0,0,0,0,0,0,0,1,164,3,0.88,0.88,0.45,0.37,0.12,0.57,0.37,101,2,0.07,0.23,0.73,0.95,0.84,1.04,0.4,0.33,nmap
292,tcp,ftp,SF,2986,4238,0,0,0,12,0,1,0,0,0,0,0,0,5,0,1,0,20,5,0.02,0.02,0.06,0.06,0.79,0.17,0.1,163,239,0.58,0.32,0.46,0.57,0.02,0.02,0.07,0.06,normal
222,icmp,ftp,REJ,6679,9564,0,0,0,19,0,1,0,0,0,0,2,0,5,0,1,0,14,28,0.03,0.03,0.09,0.09,0.87,0.06,0.46,3,191,0.69,0.05,0.19,0.24,0.04,0.03,0.09,0.1,normal
125,tcp,private,SF,9285,3091,0,0,0,22,0,1,0,0,0,0,1,0,5,0,1,0,11,2,0.06,0.05,0.04,0.05,0.77,0.06,0.21,207,148,0.26,0.19,0.56,0.13,0.05,0.05,0.04,0.05,normal
79,tcp,smtp,REJ,3161,264,0,0,0,4,0,1,5,0,0,0,2,0,0,0,0,0,6,8,0.14,0.15,0.07,0.06,0.67,0.25,0.09,0,33,0.42,0.19,0.76,0.18,0.12,0.11,0.09,0.07,multihop
268,tcp,domain,SF,7967,5479,0,0,0,10,0,1,0,0,0,0,0,0,3,0,1,0,21,6,0.03,0.03,0.03,0.03,0.8,0.27,0.07,113,63,0.03,0.72,0.39,0.28,0.03,0.04,0.02,0.03,normal
32,tcp,http,SF,3781,3929,0,0,0,0,0,1,7,1,1,94,16,0,15,0,0,0,8,4,0.04,0.04,0.02,0.01,0.94,0.15,0.38,17,171,0.61,0.17,0.5,0.3,0.04,0.03,0.02,0.02,rootkit
5,tcp,http,REJ,63,34,0,0,0,13,0,0,0,0,0,0,0,0,0,0,1,1,445,431,0.97,0.83,0.09,0.1,0.95,0.05,0.0,220,81,0.01,0.04,0.71,0.19,0.98,1.26,0.1,0.11,back
52,tcp,ftp,S0,9499,458,0,0,0,15,0,0,4,0,0,0,9,0,10,0,1,0,9,6,0.18,0.16,0.19,0.23,0.38,0.36,0.51,17,161,0.81,0.01,0.28,0.7,0.2,0.14,0.18,0.24,imap
65,tcp,private,SF,9724,4264,0,0,0,2,0,1,0,0,0,0,4,0,5,0,0,0,25,7,0.01,0.01,0.02,0.01,0.86,0.21,0.93,116,128,0.02,0.7,0.18,0.45,0.01,0.02,0.02,0.01,normal
271,icmp,ftp,S0,4968,2878,0,0,0,24,0,1,0,0,0,0,0,0,4,0,0,0,41,11,0.03,0.04,0.07,0.06,0.92,0.21,0.45,247,29,0.33,0.55,0.85,0.07,0.03,0.03,0.05,0.08,normal
4,tcp,eco_i,RSTOS0,39,59,0,2,0,8,0,0,0,0,0,0,0,0,0,0,1,0,300,112,0.95,1.1,0.06,0.07,0.89,0.04,0.97,227,78,0.2,0.8,0.05,0.54,0.99,0.75,0.05,0.06,back
214,udp,ftp,S0,7416,8349,0,0,0,28,0,1,0,0,0,0,2,0,2,0,1,0,27,18,0.03,0.03,0.07,0.08,0.86,0.12,0.17,240,220,0.27,0.01,0.39,0.45,0.03,0.04,0.08,0.08,normal
29,udp,http,S0,6318,5831,0,0,0,18,0,1,0,0,0,0,0,0,4,0,1,0,17,21,0.01,0.01,0.02,0.01,0.78,0.09,0.8,103,103,0.53,0.91,1.0,0.02,0.01,0.01,0.02,0.02,normal
0,tcp,other,REJ,5,79,0,2,0,25,0,0,0,0,0,0,0,0,0,0,1,0,237,178,0.98,1.0,0.1,0.11,0.88,0.02,0.22,142,35,0.21,0.67,0.01,0.77,1.06,1.17,0.1,0.1,teardrop
7,tcp,eco_i,REJ,9,35,0,0,0,10,0,0,0,0,0,0,0,0,0,0,0,1,118,2,0.6,0.53,0.19,0.21,0.08,0.51,0.38,251,153,0.99,0.97,0.01,0.32,0.66,0.77,0.2,0.22,saint
10,icmp,private,S0,42,27,0,0,0,27,0,0,0,0,0,0,0,0,0,0,0,0,50,3,0.86,1.02,0.13,0.12,0.04,0.94,0.53,71,170,0.52,0.61,0.87,0.47,1.04,0.68,0.1,0.13,saint
235,udp,ftp,REJ,7206,7591,0,0,0,8,0,1,0,0,0,0,3,0,5,0,0,0,24,40,0.04,0.03,0.09,0.09,0.9,0.02,0.75,66,163,0.79,0.52,0.4,0.51,0.05,0.03,0.09,0.08,normal
3,tcp,eco_i,RSTOS0,91,79,0,2,0,27,0,0,0,0,0,0,0,0,0,0,1,0,184,335,0.88,0.95,0.1,0.09,0.99,0.02,0.18,109,44,0.37,0.98,0.53,0.89,1.02,0.87,0.1,0.08,smurf
195,udp,ftp,REJ,5168,6838,0,0,0,23,0,1,0,0,0,0,1,0,3,0,0,0,40,36,0.06,0.05,0.0,0.0,0.83,0.05,0.45,13,77,0.88,0.23,0.68,0.57,0.04,0.07,0.0,0.0,normal
8,icmp,other,RSTO,3,42,0,0,0,8,0,0,0,0,0,0,0,0,0,0,0,1,277,9,0.64,0.62,0.23,0.22,0.13,0.66,0.2,39,20,0.84,0.75,0.46,0.07,0.67,0.57,0.25,0.24,mscan
261,icmp,private,REJ,6449,2796,0,0,0,27,0,1,0,0,0,0,4,0,0,0,0,0,26,36,0.02,0.02,0.03,0.03,0.85,0.12,0.4,77,121,0.59,0.68,0.18,0.94,0.02,0.02,0.03,0.02,normal
279,tcp,smtp,REJ,8897,8618,0,0,0,26,0,1,0,0,0,0,0,0,5,0,1,0,42,25,0.08,0.07,0.08,0.08,0.73,0.23,0.72,18,60,0.05,0.59,0.22,0.78,0.09,0.07,0.08,0.1,normal
261,icmp,ssh,REJ,5027,7490,0,0,0,27,0,1,0,0,0,0,4,0,3,0,0,0,3,16,0.07,0.09,0.0,0.0,0.85,0.14,0.35,228,6,0.8,0.44,0.74,0.77,0.09,0.08,0.01,0.0,normal
21,icmp,ftp,S0,586,5906,0,0,0,8,0,1,0,0,0,0,1,0,4,0,1,0,9,42,0.01,0.01,0.05,0.04,0.88,0.26,0.98,107,53,0.97,0.31,0.31,0.48,0.01,0.01,0.04,0.04,normal
165,tcp,smtp,S0,8827,7323,0,0,0,1,0,1,0,0,0,0,0,0,5,0,1,0,8,21,0.06,0.07,0.04,0.04,0.98,0.16,0.45,27,72,0.23,0.97,0.8,0.63,0.06,0.06,0.03,0.05,normal
150,tcp,smtp,S0,7050,4935,0,0,0,21,0,1,0,0,0,0,3,0,4,0,0,0,2,5,0.04,0.05,0.09,0.09,0.88,0.14,0.94,187,231,0.71,0.16,0.91,0.67,0.05,0.04,0.09,0.12,normal
5,tcp,private,S0,42,71,0,2,0,9,0,0,0,0,0,0,0,0,0,0,0,1,461,438,0.86,0.98,0.03,0.04,0.96,0.02,0.07,177,130,0.54,0.58,0.8,0.02,0.84,0.71,0.03,0.03,smurf
130,udp,smtp,REJ,2054,5708,0,0,0,23,0,1,0,0,0,0,3,0,2,0,0,0,48,41,0.06,0.06,0.05,0.05,0.9,0.28,0.34,82,84,0.08,0.66,0.4,0.55,0.06,0.07,0.07,0.04,normal
2,tcp,other,RSTOS0,89,7,0,2,0,4,0,0,0,0,0,0,0,0,0,0,0,1,387,204,0.94,0.86,0.16,0.17,0.86,0.07,0.24,103,14,0.81,0.42,0.85,0.35,1.18,0.67,0.18,0.17,back
0,icmp,private,RSTOS0,48,57,0,3,0,0,0,0,0,0,0,0,0,0,0,0,0,1,163,407,0.95,1.04,0.2,0.23,0.88,0.1,0.28,16,68,0.79,0.84,0.13,0.7,0.79,1.01,0.2,0.15,smurf
108,tcp,ftp,SF,3548,4099,0,0,0,0,2,1,3,1,1,52,4,2,10,0,0,0,6,10,0.15,0.13,0.02,0.02,0.93,0.18,0.35,234,155,0.85,0.91,0.43,0.31,0.18,0.14,0.01,0.02,perl
65,udp,smtp,SF,9349,9627,0,0,0,24,0,1,0,0,0,0,2,0,4,0,0,0,49,23,0.07,0.08,0.06,0.06,0.97,0.19,0.44,134,47,0.3,0.04,0.22,0.86,0.09,0.09,0.06,0.08,normal
2,tcp,http,REJ,100,34,0,2,0,17,0,0,0,0,0,0,0,0,0,0,0,0,449,230,0.98,0.9,0.08,0.09,0.83,0.05,0.96,33,129,0.93,0.28,0.73,0.7,0.9,0.96,0.08,0.07,back
58,udp,private,REJ,7553,8667,0,0,0,0,0,1,0,0,0,0,0,0,2,0,1,0,34,30,0.06,0.05,0.03,0.03,0.72,0.26,0.65,217,48,0.51,0.05,0.53,0.37,0.04,0.04,0.04,0.03,normal
159,tcp,domain,SF,5367,1558,0,0,0,25,0,1,0,0,0,0,0,0,3,0,0,0,5,17,0.02,0.02,0.05,0.04,0.82,0.19,0.62,207,163,0.42,0.13,0.76,0.84,0.02,0.02,0.06,0.04,normal
296,icmp,smtp,SF,1231,6149,0,0,0,5,0,1,0,0,0,0,1,0,0,0,1,0,17,12,0.07,0.08,0.02,0.02,0.82,0.02,0.69,171,9,0.68,0.92,0.14,0.29,0.05,0.06,0.02,0.02,normal
52,udp,http,S0,5288,9697,0,0,0,16,0,1,0,0,0,0,1,0,5,0,0,0,37,10,0.0,0.0,0.1,0.11,0.82,0.27,0.28,16,163,0.23,0.98,0.13,0.66,0.0,0.0,0.11,0.07,normal
0,tcp,http,REJ,32,68,0,2,0,16,0,0,0,0,0,0,0,0,0,0,1,0,207,214,0.92,1.02,0.04,0.03,0.93,0.04,0.73,130,171,0.83,0.41,0.28,0.13,0.81,0.92,0.03,0.05,pod
0,tcp,eco_i,RSTOS0,54,24,0,2,0,24,0,0,0,0,0,0,0,0,0,0,1,1,189,481,0.81,0.85,0.16,0.19,0.99,0.02,0.24,184,90,0.62,0.83,0.36,0.83,0.61,0.9,0.21,0.21,teardrop
170,icmp,http,S0,8044,6441,0,0,0,9,0,1,0,0,0,0,3,0,3,0,0,0,11,24,0.08,0.07,0.09,0.1,0.85,0.19,0.37,127,207,0.85,0.7,0.16,0.88,0.09,0.1,0.11,0.08,normal
1,udp,private,RSTOS0,16,97,1,2,0,12,0,0,0,0,0,0,0,0,0,0,1,0,482,227,0.83,0.76,0.04,0.04,0.98,0.08,0.08,234,214,0.95,0.74,0.55,0.22,0.72,1.05,0.04,0.04,land
219,tcp,private,REJ,478,6815,0,0,0,19,0,1,0,0,0,0,1,0,4,0,0,0,7,26,0.07,0.07,0.01,0.01,0.87,0.18,0.22,42,51,0.39,0.78,0.66,0.69,0.06,0.06,0.01,0.01,normal
30,udp,private,SF,116,1613,0,0,0,28,0,1,0,0,0,0,0,0,4,0,0,0,18,35,0.06,0.06,0.08,0.07,0.99,0.27,0.21,67,62,0.98,0.4,0.2,0.77,0.07,0.06,0.07,0.09,normal
9,icmp,private,RSTO,44,18,0,0,0,23,0,0,0,0,0,0,0,0,0,0,1,0,138,7,0.6,0.53,0.41,0.46,0.18,0.73,0.26,40,56,0.18,0.41,0.91,0.72,0.63,0.45,0.39,0.53,mscan
281,tcp,smtp,S0,3665,9881,0,0,0,3,0,1,0,0,0,0,4,0,0,0,1,0,8,3,0.01,0.01,0.04,0.04,0.75,0.24,0.6,17,41,0.19,0.23,0.97,0.22,0.01,0.01,0.04,0.05,normal
68,tcp,ftp,S0,846,845,0,0,0,1,0,1,3,0,0,0,9,0,3,0,0,0,19,9,0.24,0.29,0.08,0.09,0.59,0.49,0.09,205,5,0.98,0.58,0.71,0.66,0.18,0.17,0.1,0.09,imap
19,tcp,smtp,REJ,6935,873,0,0,0,3,0,0,1,0,0,0,4,0,2,0,0,1,14,2,0.12,0.12,0.16,0.18,0.31,0.49,0.33,133,79,1.0,0.21,0.2,0.43,0.14,0.13,0.18,0.16,warezclient
26,tcp,smtp,S0,1062,81,0,0,0,21,1,0,5,0,0,0,1,0,9,0,1,0,11,8,0.03,0.04,0.21,0.19,0.33,0.35,0.46,2,82,0.97,0.52,0.8,0.09,0.02,0.02,0.21,0.25,guess_passwd
69,udp,private,SF,3541,7195,0,0,0,17,0,1,0,0,0,0,0,0,1,0,0,0,31,33,0.04,0.03,0.04,0.04,0.96,0.06,0.3,56,194,0.12,0.58,0.29,0.25,0.03,0.03,0.05,0.03,normal
171,tcp,ftp,SF,6783,9828,0,0,0,5,0,1,0,0,0,0,2,0,2,0,1,0,43,28,0.1,0.08,0.02,0.02,0.72,0.16,0.74,38,1,0.14,0.36,0.49,0.81,0.12,0.09,0.02,0.02,normal
269,udp,ssh,S0,9954,4675,0,0,0,20,0,1,0,0,0,0,0,0,4,0,1,0,33,37,0.1,0.1,0.06,0.06,0.99,0.01,0.66,205,106,0.37,0.78,0.3,0.15,0.13,0.1,0.07,0.06,normal
68,icmp,ftp,S0,6062,474,0,0,0,3,0,1,0,0,0,0,5,0,2,0,0,0,17,25,0.09,0.07,0.05,0.05,0.9,0.02,0.51,215,92,0.26,0.79,0.51,0.78,0.07,0.06,0.06,0.06,normal
277,icmp,http,REJ,4505,1693,0,0,0,3,0,1,0,0,0,0,5,0,0,0,1,0,32,9,0.05,0.06,0.0,0.0,0.82,0.06,0.14,73,75,0.18,0.56,0.28,0.54,0.05,0.07,0.0,0.0,normal
2,tcp,http,RSTO,11,4,0,2,0,3,0,0,0,0,0,0,0,0,0,0,0,1,331,409,0.96,1.02,0.05,0.05,0.98,0.01,0.95,160,99,0.32,0.78,0.44,0.15,1.11,0.98,0.04,0.05,pod
2,tcp,eco_i,RSTOS0,71,5,0,3,0,28,0,0,0,0,0,0,0,0,0,0,1,0,368,223,0.81,0.85,0.19,0.22,0.8,0.01,0.71,168,124,0.3,0.61,0.87,0.13,0.93,0.93,0.14,0.2,teardrop
284,udp,ssh,S0,2161,9071,0,0,0,7,0,1,0,0,0,0,0,0,3,0,1,0,3,12,0.01,0.01,0.05,0.06,0.87,0.18,0.64,12,116,0.46,0.59,0.12,0.15,0.01,0.01,0.06,0.06,normal
122,icmp,ssh,REJ,9482,275,0,0,0,9,0,1,0,0,0,0,4,0,4,0,0,0,21,22,0.06,0.06,0.1,0.09,0.97,0.24,0.58,0,214,0.6,0.43,0.64,0.69,0.05,0.04,0.1,0.1,normal
34,icmp,http,S0,5482,6937,0,0,0,10,0,1,0,0,0,0,0,0,3,0,0,0,30,16,0.02,0.02,0.08,0.06,0.81,0.27,0.22,35,153,0.59,0.55,0.14,0.22,0.02,0.02,0.07,0.07,normal
4,udp,eco_i,RSTO,38,58,1,3,0,7,0,0,0,0,0,0,0,0,0,0,0,1,192,265,0.96,0.84,0.16,0.15,0.91,0.07,0.0,16,140,0.08,0.71,0.31,0.72,0.87,1.22,0.15,0.12,land
161,udp,ftp,REJ,521,6344,0,0,0,7,0,1,0,0,0,0,3,0,0,0,0,0,12,32,0.06,0.05,0.04,0.03,0.75,0.05,0.79,149,183,0.18,0.22,0.08,0.64,0.07,0.04,0.04,0.03,normal
71,icmp,ssh,S0,3061,9881,0,0,0,9,0,1,0,0,0,0,1,0,0,0,0,0,6,29,0.02,0.02,0.05,0.05,0.99,0.18,0.77,61,183,0.68,0.59,0.9,0.38,0.01,0.02,0.06,0.05,normal
192,tcp,telnet,SF,1864,1092,0,0,0,1,2,1,1,0,0,6,14,0,19,0,0,0,4,10,0.03,0.03,0.01,0.01,0.77,0.28,0.21,115,250,0.6,0.08,0.06,0.06,0.02,0.04,0.01,0.01,loadmodule
94,udp,ssh,REJ,4650,8114,0,0,0,19,0,1,0,0,0,0,3,0,4,0,0,0,5,33,0.07,0.07,0.04,0.03,0.88,0.0,0.78,111,69,0.74,0.08,0.39,0.63,0.07,0.09,0.04,0.03,normal
225,icmp,ftp,SF,7323,260,0,0,0,29,0,1,0,0,0,0,5,0,0,0,0,0,48,8,0.06,0.07,0.09,0.11,0.81,0.2,0.43,215,219,0.34,0.34,0.66,0.65,0.07,0.05,0.07,0.1,normal
164,udp,domain,SF,6714,1265,0,0,0,17,0,1,0,0,0,0,3,0,5,0,1,0,47,40,0.01,0.0,0.01,0.01,0.72,0.03,0.48,218,104,0.34,0.14,0.2,0.49,0.01,0.01,0.01,0.01,normal
4,icmp,other,REJ,26,14,0,0,0,0,0,0,0,0,0,0,0,0,0,0,0,0,283,8,0.54,0.64,0.14,0.13,0.05,0.66,0.83,125,76,0.87,0.7,0.07,0.14,0.52,0.57,0.15,0.17,saint
106,tcp,ssh,REJ,4274,1742,0,0,0,28,0,1,0,0,0,0,0,0,2,0,0,0,32,43,0.06,0.06,0.08,0.07,0.85,0.1,0.09,140,15,0.81,0.8,0.16,0.43,0.05,0.05,0.1,0.1,normal
1,tcp,eco_i,S0,17,20,0,0,0,11,0,0,0,0,0,0,0,0,0,0,1,1,291,6,0.61,0.72,0.4,0.39,0.07,0.98,0.47,210,133,0.53,0.51,0.59,0.16,0.53,0.72,0.35,0.37,nmap
157,udp,private,SF,5209,145,0,0,0,4,0,1,0,0,0,0,2,0,0,0,0,0,27,38,0.01,0.01,0.06,0.06,0.8,0.16,0.75,213,252,0.18,0.94,0.74,0.7,0.01,0.01,0.05,0.06,normal
70,tcp,smtp,REJ,1856,4984,0,0,0,17,0,1,0,0,0,0,3,0,3,0,0,0,28,43,0.04,0.03,0.0,0.0,0.74,0.06,0.49,237,70,0.37,0.86,0.29,0.66,0.04,0.03,0.0,0.0,normal
231,icmp,private,SF,4031,3213,0,0,0,10,0,1,0,0,0,0,5,0,2,0,0,0,29,42,0.07,0.08,0.02,0.01,0.72,0.17,0.4,227,6,0.4,0.41,0.22,0.14,0.09,0.09,0.02,0.01,normal
70,tcp,http,SF,8536,4837,0,0,0,24,0,1,0,0,0,0,1,0,1,0,0,0,33,18,0.01,0.01,0.08,0.08,0.93,0.26,0.58,11,85,0.94,0.69,0.61,0.5,0.01,0.01,0.07,0.06,normal
129,icmp,ftp,S0,9870,2230,0,0,0,27,0,1,0,0,0,0,0,0,0,0,0,0,2,36,0.1,0.08,0.09,0.1,0.78,0.21,0.76,47,110,0.37,0.82,0.97,0.87,0.07,0.12,0.08,0.07,normal
271,icmp,private,REJ,1033,8911,0,0,0,9,0,1,0,0,0,0,5,0,0,0,1,0,4,14,0.1,0.1,0.07,0.06,0.87,0.23,0.06,123,32,0.35,0.38,0.51,0.08,0.08,0.09,0.07,0.08,normal
111,udp,ftp,S0,5288,5821,0,0,0,12,0,1,0,0,0,0,4,0,2,0,1,0,33,4,0.02,0.02,0.06,0.06,0.7,0.28,0.82,134,18,0.09,0.93,0.04,0.89,0.02,0.02,0.06,0.07,normal
5,tcp,other,S0,55,11,1,0,0,3,0,0,0,0,0,0,0,0,0,0,0,1,287,364,0.99,1.11,0.08,0.08,0.96,0.1,0.36,103,101,0.16,0.07,0.87,0.72,1.2,0.89,0.11,0.07,land
182,icmp,domain,SF,9684,5747,0,0,0,18,0,1,0,0,0,0,1,0,1,0,0,0,28,21,0.04,0.04,0.01,0.01,0.81,0.11,0.66,48,239,0.91,0.7,0.34,0.04,0.05,0.05,0.01,0.01,normal
106,tcp,smtp,SF,2534,8494,0,0,0,17,0,1,0,0,0,0,3,0,4,0,0,0,22,14,0.02,0.01,0.08,0.07,0.75,0.23,0.37,31,84,0.32,0.87,0.37,0.3,0.01,0.01,0.1,0.08,normal
3,icmp,domain,S0,2099,180,0,0,0,15,0,1,0,0,0,0,3,0,3,0,1,0,41,30,0.08,0.09,0.02,0.03,0.96,0.25,0.12,149,71,0.32,0.69,0.48,0.5,0.07,0.05,0.02,0.02,normal
9,tcp,ftp,SF,4665,144,0,0,0,27,0,1,5,0,0,0,10,0,7,0,1,0,7,5,0.2,0.24,0.15,0.12,0.66,0.49,0.62,218,61,0.68,0.58,0.47,0.38,0.23,0.19,0.17,0.14,warezmaster
151,tcp,domain,REJ,6237,8635,0,0,0,29,0,1,0,0,0,0,1,0,1,0,1,0,16,13,0.03,0.03,0.03,0.03,0.71,0.21,0.38,186,100,0.78,0.62,0.96,0.18,0.03,0.03,0.03,0.02,normal
3,tcp,http,RSTO,88,36,0,3,0,18,0,0,0,0,0,0,0,0,0,0,0,0,443,224,0.88,1.03,0.15,0.14,0.87,0.08,0.75,49,22,0.07,0.71,0.91,0.42,0.64,0.64,0.14,0.16,neptune
2,udp,eco_i,RSTOS0,71,26,1,1,0,19,0,0,0,0,0,0,0,0,0,0,0,0,263,247,0.9,0.82,0.14,0.14,0.87,0.09,0.57,129,196,0.24,0.9,0.51,0.41,0.97,1.09,0.16,0.12,land
106,tcp,ssh,REJ,2322,6729,0,0,0,28,0,1,0,0,0,0,2,0,4,0,0,0,28,24,0.01,0.02,0.05,0.05,0.79,0.16,0.13,1,20,0.81,0.69,0.73,0.66,0.01,0.01,0.04,0.05,normal
2,tcp,http,S0,71,98,0,2,0,6,0,0,0,0,0,0,0,0,0,0,0,0,243,206,0.96,1.15,0.1,0.09,0.82,0.1,0.42,111,195,0.6,0.76,0.9,0.81,0.73,0.71,0.11,0.1,neptune
120,tcp,domain,S0,8586,1917,0,0,0,20,0,1,0,0,0,0,1,0,4,0,0,0,47,1,0.08,0.08,0.03,0.04,0.95,0.29,0.06,92,25,0.62,0.23,0.92,0.71,0.09,0.08,0.02,0.04,normal
273,icmp,http,REJ,1399,2349,0,0,0,24,0,1,0,0,0,0,4,0,2,0,1,0,9,44,0.06,0.07,0.05,0.06,0.8,0.3,0.77,1,177,0.91,0.22,0.99,0.86,0.05,0.08,0.06,0.07,normal
1,tcp,other,RSTOS0,25,77,1,3,0,23,0,0,0,0,0,0,0,0,0,0,1,0,416,357,0.86,0.92,0.03,0.03,0.91,0.1,0.47,208,182,0.65,0.76,0.1,0.81,0.82,0.96,0.02,0.03,land
64,icmp,domain,REJ,3601,6753,0,0,0,12,0,1,0,0,0,0,5,0,5,0,0,0,16,28,0.05,0.05,0.09,0.09,0.9,0.01,0.59,94,217,0.43,0.44,0.83,0.51,0.06,0.06,0.09,0.09,normal
21,tcp,telnet,REJ,9966,692,0,0,0,19,0,0,1,0,0,0,5,0,5,0,1,1,18,10,0.0,0.0,0.09,0.09,0.53,0.44,0.97,253,194,0.3,0.55,0.19,0.56,0.0,0.0,0.08,0.11,phf
15,tcp,http,SF,6449,337,0,0,0,17,0,1,3,0,0,0,5,0,1,0,1,0,16,9,0.17,0.15,0.17,0.15,0.68,0.24,0.98,219,20,0.06,0.65,0.77,0.0,0.19,0.15,0.18,0.19,imap
228,icmp,ssh,S0,7636,865,0,0,0,28,0,1,0,0,0,0,0,0,5,0,0,0,41,15,0.06,0.06,0.08,0.06,0.88,0.01,0.64,200,18,0.49,0.17,0.75,0.02,0.07,0.07,0.06,0.06,normal
96,udp,domain,SF,2000,9238,0,0,0,30,0,1,0,0,0,0,1,0,0,0,0,0,2,25,0.02,0.02,0.0,0.0,0.93,0.15,0.9,216,71,0.26,0.8,0.45,0.24,0.02,0.02,0.0,0.0,normal
1,icmp,eco_i,REJ,25,42,0,0,0,1,0,0,0,0,0,0,0,0,0,0,1,1,296,10,0.68,0.76,0.2,0.19,0.23,0.75,0.3,190,112,0.25,0.72,0.28,0.66,0.85,0.88,0.22,0.19,satan
85,tcp,ftp_data,REJ,3348,805,0,0,0,26,0,1,5,0,0,0,2,0,6,0,1,0,10,9,0.22,0.2,0.07,0.08,0.68,0.31,0.83,160,123,0.15,0.86,0.81,0.47,0.23,0.16,0.07,0.07,ftp_write
209,icmp,domain,SF,4175,4977,0,0,0,24,0,1,0,0,0,0,2,0,0,0,1,0,16,47,0.04,0.04,0.06,0.05,0.8,0.16,0.99,16,89,0.53,0.4,0.17,0.82,0.03,0.04,0.05,0.08,normal
4,tcp,other,RSTOS0,29,94,0,3,0,21,0,0,0,0,0,0,0,0,0,0,0,0,172,402,0.86,0.88,0.13,0.1,0.98,0.07,0.42,171,179,0.11,0.04,0.13,0.7,0.61,1.12,0.09,0.1,smurf
159,tcp,ftp,SF,1110,2331,0,0,0,19,0,1,0,0,0,0,1,0,3,0,1,0,30,39,0.03,0.02,0.07,0.08,0.9,0.07,0.72,51,57,0.14,0.66,0.58,0.27,0.03,0.02,0.06,0.07,normal
282,udp,private,S0,3051,5685,0,0,0,11,0,1,0,0,0,0,5,0,5,0,1,0,8,45,0.01,0.0,0.04,0.04,0.77,0.06,0.26,220,20,0.8,0.82,0.63,0.58,0.0,0.0,0.04,0.05,normal
183,udp,private,SF,7484,562,0,0,0,14,0,1,0,0,0,0,1,0,1,0,1,0,49,27,0.01,0.01,0.02,0.02,0.95,0.12,0.14,44,162,0.83,0.37,0.42,0.72,0.02,0.01,0.02,0.02,normal
217,tcp,domain,S0,8663,1991,0,0,0,7,0,1,0,0,0,0,3,0,4,0,0,0,33,42,0.04,0.05,0.02,0.02,0.88,0.28,0.02,120,172,0.95,0.44,0.49,0.06,0.04,0.05,0.02,0.02,normal
64,icmp,private,REJ,6911,7270,0,0,0,29,0,1,0,0,0,0,1,0,4,0,0,0,15,44,0.08,0.07,0.09,0.09,0.99,0.06,0.94,149,77,0.06,0.37,0.82,0.4,0.07,0.1,0.07,0.08,normal
1,tcp,eco_i,REJ,60,46,0,2,0,9,0,0,0,0,0,0,0,0,0,0,0,1,326,293,0.89,0.94,0.12,0.11,0.81,0.07,0.09,103,153,0.25,0.88,0.37,0.92,0.67,0.65,0.13,0.1,neptune
123,tcp,telnet,SF,978,2727,0,0,0,3,1,1,7,1,0,58,7,1,17,0,1,0,1,7,0.03,0.03,0.12,0.12,0.97,0.28,0.74,250,117,0.82,0.16,0.1,0.55,0.03,0.04,0.14,0.11,perl
3,tcp,http,RSTO,17,72,0,3,0,26,0,0,0,0,0,0,0,0,0,0,0,1,349,100,0.89,1.02,0.06,0.05,0.97,0.07,0.27,26,5,0.81,0.18,0.13,0.65,1.02,0.9,0.06,0.06,teardrop
109,icmp,ftp,REJ,5722,955,0,0,0,8,0,1,0,0,0,0,5,0,0,0,0,0,11,39,0.03,0.03,0.04,0.04,0.93,0.01,0.21,208,235,0.68,0.3,0.07,0.71,0.02,0.04,0.04,0.03,normal
124,icmp,private,SF,7363,2876,0,0,0,17,0,1,0,0,0,0,0,0,0,0,1,0,5,4,0.09,0.08,0.03,0.03,0.77,0.08,0.24,86,185,0.8,0.17,0.77,0.74,0.1,0.07,0.04,0.03,normal
210,tcp,ssh,SF,3942,8855,0,0,0,12,0,1,0,0,0,0,1,0,5,0,0,0,37,44,0.07,0.07,0.01,0.01,0.98,0.14,0.71,248,219,0.48,0.05,0.02,0.13,0.06,0.08,0.01,0.01,normal
14,tcp,http,SF,4507,574,0,0,0,16,0,0,1,0,0,0,7,0,0,0,1,0,12,1,0.24,0.26,0.2,0.23,0.64,0.3,0.58,41,135,0.8,0.3,0.26,0.36,0.25,0.19,0.19,0.18,spy
2,udp,eco_i,RSTO,5,15,0,0,0,16,0,0,0,0,0,0,0,0,0,0,1,0,162,8,0.87,0.99,0.41,0.36,0.21,0.84,0.35,54,68,0.74,0.76,0.38,0.78,0.89,1.1,0.37,0.4,saint
100,icmp,domain,S0,4743,812,0,0,0,12,0,1,0,0,0,0,2,0,5,0,0,0,11,47,0.01,0.01,0.07,0.08,0.98,0.23,0.89,90,253,0.42,0.73,0.0,0.95,0.01,0.02,0.07,0.05,normal
52,udp,smtp,S0,8428,3765,0,0,0,15,0,1,0,0,0,0,3,0,2,0,0,0,8,39,0.04,0.05,0.05,0.05,0.83,0.27,0.38,198,247,0.93,0.22,0.55,0.78,0.03,0.03,0.05,0.05,normal
1,udp,private,S0,97,44,1,1,0,20,0,0,0,0,0,0,0,0,0,0,0,1,482,174,0.96,1.12,0.14,0.13,0.99,0.01,0.6,143,32,0.04,0.26,0.38,0.94,0.75,0.72,0.15,0.11,land
143,udp,http,REJ,3205,384,0,0,0,27,0,1,0,0,0,0,5,0,0,0,1,0,6,35,0.01,0.01,0.07,0.07,0.93,0.28,0.61,129,244,0.89,0.58,0.45,0.6,0.01,0.01,0.05,0.07,normal
279,udp,ftp,S0,5881,8516,0,0,0,2,0,1,0,0,0,0,0,0,3,0,1,0,48,7,0.06,0.05,0.05,0.06,0.73,0.28,0.85,160,208,0.86,0.09,0.41,0.83,0.04,0.05,0.07,0.06,normal
91,icmp,ssh,SF,6907,9826,0,0,0,16,0,1,0,0,0,0,4,0,1,0,0,0,20,39,0.04,0.04,0.05,0.06,0.87,0.02,0.17,24,58,0.76,0.64,0.01,0.08,0.05,0.04,0.06,0.05,normal
113,icmp,smtp,S0,2024,4016,0,0,0,22,0,1,0,0,0,0,0,0,2,0,0,0,5,31,0.06,0.06,0.05,0.06,0.78,0.01,0.6,151,190,0.52,0.33,0.22,0.69,0.08,0.07,0.04,0.06,normal
63,tcp,ssh,S0,3618,9941,0,0,0,2,0,1,0,0,0,0,3,0,2,0,0,0,41,10,0.01,0.01,0.03,0.04,0.99,0.1,0.07,130,252,0.87,0.9,0.9,0.11,0.02,0.01,0.03,0.04,normal
277,udp,smtp,REJ,9851,4328,0,0,0,10,0,1,0,0,0,0,1,0,0,0,1,0,23,17,0.01,0.01,0.02,0.02,0.93,0.08,0.24,240,204,0.52,0.74,0.78,0.62,0.01,0.01,0.02,0.02,normal
3,tcp,eco_i,S0,71,95,0,1,0,30,0,0,0,0,0,0,0,0,0,0,0,1,459,155,0.89,0.86,0.13,0.11,0.98,0.03,0.88,110,240,0.19,0.43,0.03,0.69,0.69,0.98,0.14,0.16,pod
2,tcp,private,REJ,94,34,0,0,0,1,0,0,0,0,0,0,0,0,0,0,1,0,452,415,0.91,0.79,0.16,0.14,0.94,0.08,0.31,7,48,0.89,0.1,0.79,0.29,0.72,1.05,0.16,0.19,smurf
15,tcp,private,S0,4058,6076,0,0,0,21,0,1,0,0,0,0,0,0,0,0,1,0,1,45,0.06,0.06,0.04,0.05,0.81,0.27,0.42,140,4,0.61,0.58,0.1,0.49,0.05,0.06,0.05,0.05,normal
163,udp,private,SF,4966,5371,0,0,0,28,0,1,0,0,0,0,0,0,5,0,0,0,6,44,0.06,0.05,0.01,0.0,0.97,0.05,0.38,136,92,0.75,0.59,0.18,0.63,0.05,0.06,0.01,0.01,normal
4,tcp,private,RSTO,29,29,0,3,0,24,0,0,0,0,0,0,0,0,0,0,0,0,147,391,0.85,0.96,0.17,0.19,0.93,0.05,0.78,156,64,0.28,0.63,0.15,0.0,0.81,0.69,0.19,0.14,teardrop
153,icmp,domain,REJ,9954,3819,0,0,0,28,0,1,0,0,0,0,3,0,3,0,1,0,16,17,0.02,0.02,0.04,0.04,0.98,0.22,0.78,185,147,0.18,0.25,0.56,0.38,0.02,0.02,0.03,0.03,normal
174,tcp,domain,S0,2722,9215,0,0,0,27,0,1,0,0,0,0,3,0,5,0,0,0,41,34,0.08,0.07,0.1,0.1,0.88,0.26,0.9,216,145,0.33,0.32,0.1,0.86,0.08,0.06,0.1,0.12,normal
2,tcp,domain,REJ,5624,4538,0,0,0,19,0,1,0,0,0,0,5,0,5,0,1,0,9,36,0.05,0.05,0.05,0.05,0.98,0.3,0.43,230,132,0.46,0.41,0.11,0.7,0.06,0.04,0.06,0.06,normal
43,udp,domain,S0,1394,1373,0,0,0,10,0,1,0,0,0,0,3,0,0,0,1,0,2,49,0.02,0.02,0.05,0.05,0.94,0.29,0.43,166,0,0.65,0.08,0.73,0.42,0.02,0.02,0.05,0.05,normal
92,tcp,ftp,REJ,3449,6078,0,0,0,24,0,1,0,0,0,0,2,0,2,0,0,0,40,41,0.1,0.1,0.06,0.06,0.8,0.26,0.41,117,248,0.34,0.05,0.82,0.75,0.08,0.08,0.06,0.04,normal
9,tcp,eco_i,RSTO,7,19,0,0,0,7,0,0,0,0,0,0,0,0,0,0,1,1,295,1,0.92,0.9,0.17,0.14,0.29,0.84,0.38,154,36,0.63,0.76,0.25,0.65,0.96,1.07,0.16,0.17,saint
197,tcp,ftp,REJ,5797,3666,0,0,0,18,0,1,0,0,0,0,3,0,4,0,1,0,2,47,0.08,0.09,0.0,0.0,0.72,0.23,0.81,106,0,0.76,0.64,0.5,0.37,0.1,0.1,0.0,0.0,normal
243,tcp,smtp,S0,5416,6848,0,0,0,20,0,1,0,0,0,0,2,0,1,0,1,0,10,4,0.09,0.09,0.07,0.08,0.76,0.09,0.38,125,119,0.1,0.07,0.96,0.2,0.09,0.1,0.06,0.08,normal
3,tcp,private,S0,57,38,0,2,0,12,0,0,0,0,0,0,0,0,0,0,0,1,282,336,0.89,0.87,0.09,0.08,0.94,0.09,0.04,250,253,0.26,0.5,0.77,0.37,0.77,0.78,0.07,0.07,neptune
171,tcp,domain,S0,3167,7359,0,0,0,12,0,1,0,0,0,0,1,0,3,0,1,0,48,30,0.08,0.08,0.09,0.09,0.96,0.29,0.03,76,11,0.96,0.48,0.47,0.08,0.08,0.07,0.08,0.07,normal
5,tcp,http,S0,100,4,0,0,0,16,0,0,0,0,0,0,0,0,0,0,0,0,392,242,0.95,1.04,0.16,0.17,0.87,0.04,0.34,170,216,0.37,0.34,0.18,0.2,1.05,1.2,0.15,0.11,smurf
0,tcp,eco_i,RSTOS0,3,73,1,0,0,11,0,0,0,0,0,0,0,0,0,0,1,0,135,130,0.95,0.79,0.16,0.18,0.92,0.08,0.6,204,160,0.99,0.09,0.1,0.89,0.95,1.09,0.16,0.2,land
39,udp,private,S0,7756,7401,0,0,0,23,0,1,0,0,0,0,0,0,2,0,1,0,28,6,0.05,0.06,0.08,0.07,0.82,0.15,0.67,196,75,0.71,0.02,0.37,0.13,0.05,0.07,0.08,0.05,normal
2,tcp,private,REJ,88,29,0,0,0,0,0,0,0,0,0,0,0,0,0,0,1,1,473,192,0.91,1.04,0.04,0.04,0.88,0.03,0.62,216,89,0.91,0.07,0.05,0.07,1.12,0.93,0.03,0.03,neptune
124,tcp,domain,REJ,1529,4200,0,0,0,0,0,1,0,0,0,0,2,0,1,0,0,0,30,47,0.07,0.07,0.03,0.03,0.78,0.09,0.1,85,115,0.78,0.48,0.23,0.36,0.06,0.09,0.04,0.04,normal
158,udp,ssh,S0,1614,3388,0,0,0,11,0,1,0,0,0,0,2,0,4,0,0,0,6,14,0.09,0.08,0.01,0.01,0.9,0.0,0.42,162,40,0.35,0.95,0.94,0.78,0.08,0.07,0.01,0.01,normal
29,icmp,domain,S0,1294,2848,0,0,0,14,0,1,0,0,0,0,0,0,3,0,1,0,36,25,0.03,0.04,0.08,0.07,0.95,0.29,0.54,49,112,0.31,0.76,0.57,0.55,0.04,0.02,0.06,0.07,normal
132,udp,smtp,S0,2132,9990,0,0,0,26,0,1,0,0,0,0,3,0,5,0,0,0,12,20,0.09,0.11,0.01,0.01,0.88,0.11,0.84,52,88,0.06,0.31,0.47,0.19,0.07,0.07,0.01,0.01,normal
170,icmp,ftp,S0,3257,934,0,0,0,17,0,1,0,0,0,0,3,0,3,0,0,0,5,21,0.02,0.02,0.02,0.02,0.94,0.09,0.05,208,184,0.61,0.3,0.77,0.32,0.02,0.03,0.02,0.02,normal
155,tcp,domain,REJ,3060,9841,0,0,0,1,0,1,0,0,0,0,2,0,1,0,1,0,38,7,0.01,0.01,0.09,0.08,0.96,0.18,0.62,52,11,0.42,0.1,0.69,0.38,0.02,0.02,0.07,0.07,normal
5,icmp,private,REJ,85,32,1,1,0,4,0,0,0,0,0,0,0,0,0,0,0,0,509,478,0.82,0.87,0.11,0.11,0.88,0.05,0.93,205,87,0.65,0.38,0.62,0.78,1.05,0.59,0.09,0.09,land
44,icmp,http,SF,5706,9367,0,0,0,4,0,1,0,0,0,0,2,0,3,0,0,0,15,9,0.07,0.07,0.06,0.06,0.98,0.28,0.7,80,74,0.03,0.96,0.66,0.91,0.06,0.06,0.06,0.05,normal
7,tcp,private,REJ,5,18,0,0,0,28,0,0,0,0,0,0,0,0,0,0,0,0,135,3,0.95,1.11,0.41,0.48,0.1,1.0,0.4,194,22,0.29,0.03,0.79,0.83,0.81,0.9,0.37,0.36,saint
230,udp,private,REJ,5638,732,0,0,0,10,0,1,0,0,0,0,4,0,4,0,1,0,46,38,0.0,0.0,0.09,0.09,0.89,0.29,0.2,48,199,0.33,0.84,0.43,0.13,0.0,0.0,0.09,0.09,normal
2,udp,private,S0,26,49,0,0,0,2,0,0,0,0,0,0,0,0,0,0,0,0,313,431,0.83,0.84,0.19,0.15,0.97,0.0,0.28,141,228,0.9,0.08,0.58,0.02,0.83,0.68,0.14,0.21,teardrop
266,icmp,ftp,REJ,4078,9226,0,0,0,25,0,1,0,0,0,0,2,0,3,0,0,0,11,46,0.06,0.07,0.03,0.03,0.88,0.23,0.44,122,183,0.88,0.96,0.41,0.22,0.04,0.06,0.04,0.02,normal
0,icmp,eco_i,RSTOS0,80,67,0,3,0,24,0,0,0,0,0,0,0,0,0,0,0,0,509,269,0.88,0.88,0.13,0.11,0.92,0.02,0.54,0,56,0.53,0.15,0.37,0.04,1.09,0.88,0.13,0.15,teardrop
3,udp,other,S0,78,51,0,2,0,10,0,0,0,0,0,0,0,0,0,0,1,1,265,510,0.91,0.78,0.1,0.09,0.85,0.03,0.64,41,244,0.32,0.34,0.79,0.33,0.98,1.14,0.11,0.1,teardrop
234,udp,http,REJ,1104,4819,0,0,0,20,0,1,0,0,0,0,0,0,5,0,0,0,34,25,0.07,0.08,0.1,0.1,0.75,0.13,0.42,171,114,0.27,0.41,0.79,0.07,0.06,0.07,0.09,0.08,normal
271,icmp,ssh,SF,180,866,0,0,0,26,0,1,0,0,0,0,3,0,1,0,0,0,37,14,0.04,0.03,0.05,0.06,0.76,0.25,0.58,79,88,0.92,0.14,0.52,0.76,0.04,0.03,0.06,0.05,normal
210,icmp,http,REJ,8568,4212,0,0,0,0,0,1,0,0,0,0,0,0,2,0,0,0,28,42,0.07,0.06,0.1,0.09,0.94,0.26,0.01,170,112,0.44,0.24,0.79,0.53,0.07,0.08,0.07,0.09,normal
213,tcp,ftp,SF,9647,2577,0,0,0,22,0,1,0,0,0,0,3,0,5,0,0,0,26,3,0.06,0.06,0.04,0.04,0.96,0.28,0.33,105,202,0.93,0.85,0.3,0.57,0.05,0.07,0.05,0.05,normal
227,icmp,private,REJ,2565,8263,0,0,0,28,0,1,0,0,0,0,2,0,5,0,0,0,24,48,0.0,0.0,0.1,0.11,0.96,0.28,0.67,232,174,0.87,0.55,0.09,0.16,0.0,0.0,0.12,0.09,normal
262,udp,ftp,REJ,6528,91,0,0,0,25,0,1,0,0,0,0,0,0,5,0,0,0,29,36,0.06,0.06,0.08,0.07,0.95,0.25,0.48,189,35,0.15,0.68,0.28,0.1,0.05,0.07,0.08,0.09,normal
141,icmp,domain,SF,8569,4056,0,0,0,12,0,1,0,0,0,0,3,0,2,0,1,0,34,50,0.06,0.07,0.07,0.05,0.84,0.13,0.02,166,155,0.73,0.26,0.79,0.21,0.08,0.05,0.08,0.07,normal
2,tcp,other,REJ,18,92,0,0,0,30,0,0,0,0,0,0,0,0,0,0,0,1,398,236,0.95,1.09,0.17,0.16,0.81,0.04,0.36,237,238,0.12,0.05,0.05,0.12,0.86,0.81,0.17,0.14,neptune
134,tcp,private,SF,4349,8840,0,0,0,3,0,1,0,0,0,0,3,0,2,0,0,0,31,9,0.02,0.02,0.09,0.1,0.84,0.15,0.73,249,158,0.1,0.53,0.88,0.37,0.01,0.02,0.07,0.11,normal
190,udp,domain,SF,9586,5686,0,0,0,12,0,1,0,0,0,0,5,0,3,0,0,0,32,48,0.06,0.05,0.08,0.1,0.81,0.15,0.53,134,60,0.78,0.41,0.24,0.74,0.07,0.08,0.07,0.06,normal
52,udp,ssh,REJ,7334,1623,0,0,0,9,0,1,0,0,0,0,5,0,1,0,0,0,17,47,0.1,0.1,0.07,0.07,0.85,0.24,0.57,21,110,0.5,0.28,0.71,0.4,0.08,0.07,0.07,0.06,normal
235,udp,domain,REJ,561,694,0,0,0,18,0,1,0,0,0,0,5,0,2,0,0,0,49,7,0.04,0.04,0.0,0.0,0.81,0.17,0.6,160,160,0.68,0.4,0.7,0.11,0.05,0.05,0.0,0.0,normal
3,udp,other,REJ,45,25,0,3,0,13,0,0,0,0,0,0,0,0,0,0,0,1,349,222,0.87,0.72,0.13,0.11,0.87,0.05,0.53,109,138,0.78,0.97,0.23,0.35,0.67,0.71,0.09,0.12,pod
239,udp,smtp,S0,5125,3764,0,0,0,13,0,1,0,0,0,0,5,0,4,0,1,0,28,26,0.09,0.09,0.09,0.11,0.79,0.21,0.95,137,11,0.2,0.77,0.97,0.67,0.09,0.11,0.1,0.08,normal
223,udp,domain,SF,6437,462,0,0,0,15,0,1,0,0,0,0,1,0,5,0,1,0,33,12,0.1,0.11,0.03,0.04,0.98,0.2,0.14,199,219,0.94,0.1,0.81,0.67,0.12,0.11,0.03,0.03,normal
1,tcp,other,S0,13,74,0,3,0,19,0,0,0,0,0,0,0,0,0,0,1,1,504,428,0.91,1.08,0.16,0.18,0.83,0.03,0.45,135,139,0.38,0.37,0.21,0.37,1.08,0.79,0.2,0.12,back
272,icmp,private,S0,1448,3553,0,0,0,26,0,1,0,0,0,0,1,0,4,0,0,0,25,29,0.02,0.02,0.1,0.09,0.91,0.04,0.84,219,154,0.78,0.54,0.9,0.86,0.02,0.02,0.11,0.08,normal
84,tcp,smtp,SF,3349,248,0,0,0,0,0,0,3,0,0,0,0,0,3,0,1,1,11,5,0.29,0.34,0.27,0.27,0.34,0.33,0.48,5,215,0.66,0.48,0.11,0.54,0.34,0.27,0.31,0.25,imap
247,icmp,http,REJ,6866,3089,0,0,0,21,0,1,0,0,0,0,4,0,0,0,1,0,7,32,0.01,0.01,0.03,0.03,0.86,0.15,0.57,22,115,0.89,0.67,0.39,0.3,0.01,0.01,0.03,0.03,normal
42,udp,http,S0,3829,384,0,0,0,0,0,1,0,0,0,0,3,0,5,0,0,0,25,17,0.08,0.07,0.06,0.05,0.99,0.22,0.66,58,230,0.68,0.12,0.07,0.86,0.08,0.06,0.05,0.06,normal
237,tcp,ssh,S0,2919,1981,0,0,0,12,0,1,0,0,0,0,2,0,1,0,0,0,22,16,0.01,0.01,0.02,0.02,0.97,0.22,0.57,12,233,0.37,0.28,0.01,0.86,0.01,0.01,0.03,0.02,normal
257,udp,smtp,REJ,1404,119,0,0,0,29,0,1,0,0,0,0,2,0,2,0,1,0,27,24,0.04,0.04,0.09,0.08,0.8,0.03,0.69,176,62,0.03,0.16,0.08,0.05,0.05,0.03,0.11,0.07,normal
169,udp,domain,REJ,9600,7950,0,0,0,15,0,1,0,0,0,0,3,0,0,0,1,0,37,38,0.0,0.0,0.02,0.02,0.94,0.26,0.03,16,176,0.41,0.45,0.06,0.57,0.0,0.0,0.03,0.02,normal
200,udp,domain,SF,9147,9726,0,0,0,14,0,1,0,0,0,0,3,0,3,0,1,0,21,14,0.02,0.03,0.04,0.04,0.78,0.23,0.06,198,143,0.22,0.32,0.95,0.84,0.03,0.03,0.04,0.04,normal
10,udp,private,SF,14,14,0,0,0,10,0,0,0,0,0,0,0,0,0,0,1,1,95,5,0.79,0.95,0.21,0.2,0.25,0.86,0.78,154,143,0.9,0.86,0.59,0.7,1.02,0.9,0.17,0.16,portsweep
176,udp,http,S0,4793,2707,0,0,0,28,0,1,0,0,0,0,4,0,5,0,1,0,31,4,0.05,0.05,0.08,0.08,0.88,0.28,0.12,55,26,0.48,0.99,0.47,0.31,0.04,0.04,0.09,0.07,normal
262,icmp,ssh,SF,2776,6397,0,0,0,18,0,1,0,0,0,0,0,0,1,0,0,0,44,37,0.02,0.02,0.05,0.05,0.78,0.3,0.69,178,213,0.01,0.43,0.72,0.73,0.02,0.03,0.06,0.06,normal
265,tcp,ssh,REJ,7854,603,0,0,0,1,0,1,0,0,0,0,2,0,3,0,0,0,40,50,0.09,0.09,0.09,0.1,0.97,0.13,0.41,192,114,0.5,0.59,0.88,0.81,0.11,0.06,0.1,0.06,normal
122,udp,http,SF,9125,9832,0,0,0,9,0,1,0,0,0,0,5,0,1,0,0,0,27,12,0.02,0.02,0.08,0.07,0.82,0.29,0.94,123,26,0.79,0.22,0.59,0.23,0.02,0.01,0.07,0.09,normal
193,icmp,ftp,REJ,3762,87,0,0,0,24,0,1,0,0,0,0,3,0,2,0,0,0,26,40,0.03,0.04,0.01,0.01,0.8,0.16,0.51,124,246,0.72,0.05,0.79,0.86,0.03,0.04,0.02,0.01,normal
174,tcp,http,SF,9530,8574,0,0,0,7,0,1,0,0,0,0,0,0,2,0,1,0,1,17,0.02,0.02,0.04,0.04,0.79,0.04,0.97,186,170,0.8,0.48,0.86,0.95,0.02,0.02,0.03,0.03,normal
1,tcp,private,REJ,15,31,0,0,0,17,0,0,0,0,0,0,0,0,0,0,1,1,346,117,0.98,1.15,0.02,0.02,0.99,0.09,0.78,67,241,0.57,0.78,0.16,0.89,0.98,1.17,0.02,0.02,neptune
158,icmp,ftp,S0,2895,9491,0,0,0,6,0,1,0,0,0,0,0,0,1,0,0,0,8,31,0.09,0.09,0.06,0.06,0.79,0.03,0.47,9,165,0.08,0.04,0.53,0.31,0.1,0.07,0.04,0.06,normal
0,tcp,other,RSTO,38,46,1,2,0,2,0,0,0,0,0,0,0,0,0,0,0,1,134,303,0.86,0.82,0.1,0.08,0.83,0.09,0.47,9,50,0.36,0.41,0.68,0.45,0.74,1.02,0.08,0.11,land
273,udp,ftp,REJ,8944,3140,0,0,0,17,0,1,0,0,0,0,1,0,5,0,0,0,13,1,0.06,0.05,0.04,0.04,0.99,0.04,0.01,25,45,0.86,0.34,0.98,0.15,0.04,0.06,0.03,0.04,normal
51,icmp,private,S0,164,1617,0,0,0,4,0,1,0,0,0,0,3,0,5,0,0,0,24,3,0.07,0.08,0.06,0.05,0.85,0.29,0.57,23,61,0.85,0.15,0.72,0.35,0.06,0.08,0.07,0.05,normal
137,icmp,private,SF,7858,9642,0,0,0,29,0,1,0,0,0,0,5,0,2,0,1,0,22,33,0.02,0.02,0.09,0.08,0.8,0.29,0.84,227,42,0.28,0.16,0.02,0.79,0.01,0.02,0.08,0.11,normal
46,tcp,ssh,SF,4698,3931,0,0,0,7,1,1,2,0,1,84,19,3,15,0,1,0,4,10,0.08,0.09,0.08,0.08,0.67,0.02,0.17,132,152,0.19,0.31,0.63,0.34,0.07,0.1,0.08,0.06,loadmodule
92,tcp,http,SF,1003,2865,0,0,0,20,1,1,10,0,0,35,18,5,1,0,1,0,7,5,0.04,0.04,0.1,0.1,0.84,0.01,0.86,25,15,0.72,0.57,0.01,0.07,0.05,0.04,0.1,0.08,perl
6,icmp,other,S0,8,23,0,0,0,1,0,0,0,0,0,0,0,0,0,0,0,1,116,10,0.58,0.67,0.02,0.02,0.12,0.8,0.06,51,170,0.15,0.24,0.94,0.11,0.56,0.69,0.02,0.02,satan
168,udp,domain,SF,238,1127,0,0,0,23,0,1,0,0,0,0,4,0,4,0,1,0,34,18,0.01,0.01,0.06,0.06,0.77,0.29,0.16,124,165,0.62,0.68,0.91,0.48,0.01,0.02,0.08,0.05,normal
86,tcp,ssh,SF,4984,7668,0,0,0,0,0,1,0,0,0,0,4,0,4,0,0,0,47,50,0.02,0.03,0.03,0.03,0.71,0.06,0.43,232,208,0.07,0.84,0.31,0.15,0.02,0.02,0.04,0.03,normal
26,icmp,ftp,SF,4122,2097,0,0,0,30,0,1,0,0,0,0,3,0,3,0,1,0,26,40,0.05,0.06,0.01,0.01,0.91,0.02,0.57,100,156,0.96,0.68,0.4,0.02,0.04,0.04,0.02,0.02,normal
177,tcp,domain,S0,9191,3694,0,0,0,0,0,1,0,0,0,0,1,0,1,0,1,0,22,30,0.02,0.02,0.08,0.08,0.95,0.03,0.63,106,25,0.18,0.23,0.31,0.85,0.02,0.02,0.1,0.06,normal
191,tcp,private,S0,2626,950,0,0,0,10,0,1,0,0,0,0,1,0,1,0,0,0,16,15,0.03,0.04,0.03,0.03,0.72,0.01,0.09,182,166,0.53,0.5,0.8,0.96,0.03,0.05,0.02,0.03,normal
10,udp,eco_i,RSTO,19,4,0,0,0,10,0,0,0,0,0,0,0,0,0,0,0,0,70,10,0.81,0.95,0.19,0.21,0.11,0.54,0.08,46,127,0.82,0.73,0.89,0.9,0.74,0.93,0.21,0.16,mscan
78,tcp,http,SF,5558,708,0,0,0,4,1,0,4,0,0,0,10,0,10,0,1,1,16,6,0.11,0.1,0.28,0.32,0.66,0.32,0.43,210,68,0.85,0.07,0.67,0.54,0.1,0.14,0.27,0.25,guess_passwd
0,udp,ssh,SF,5172,730,0,0,0,20,0,1,0,0,0,0,2,0,5,0,1,0,19,10,0.01,0.01,0.06,0.06,0.9,0.15,0.08,97,110,0.69,0.42,0.91,0.51,0.01,0.01,0.05,0.05,normal
213,icmp,http,SF,3597,9878,0,0,0,8,0,1,0,0,0,0,1,0,0,0,1,0,10,32,0.08,0.09,0.05,0.05,0.87,0.16,0.24,58,208,0.97,0.47,0.54,0.35,0.08,0.09,0.07,0.07,normal
179,icmp,http,REJ,9736,6305,0,0,0,0,0,1,0,0,0,0,4,0,0,0,1,0,22,26,0.08,0.09,0.05,0.06,0.75,0.14,0.16,0,57,0.67,0.94,0.29,0.15,0.06,0.06,0.05,0.04,normal
14,icmp,smtp,SF,6609,9940,0,0,0,11,0,1,0,0,0,0,5,0,2,0,1,0,29,34,0.08,0.08,0.06,0.05,1.0,0.11,0.46,40,133,0.39,0.26,0.04,0.43,0.08,0.09,0.06,0.04,normal
251,tcp,http,S0,5036,5855,0,0,0,29,0,1,0,0,0,0,2,0,1,0,0,0,28,3,0.04,0.04,0.06,0.07,0.81,0.12,0.66,107,75,0.02,0.03,0.35,0.83,0.03,0.03,0.07,0.05,normal
244,udp,smtp,SF,3327,1678,0,0,0,11,0,1,0,0,0,0,3,0,0,0,1,0,25,32,0.07,0.07,0.05,0.05,0.88,0.05,0.01,52,73,0.26,0.06,0.95,0.96,0.06,0.06,0.05,0.06,normal
16,icmp,private,REJ,647,9283,0,0,0,16,0,1,0,0,0,0,1,0,4,0,1,0,38,36,0.08,0.07,0.06,0.05,0.85,0.19,0.39,6,103,0.8,0.77,0.25,0.22,0.09,0.06,0.06,0.05,normal
157,icmp,smtp,SF,8106,4604,0,0,0,24,0,1,0,0,0,0,2,0,3,0,1,0,7,29,0.1,0.09,0.06,0.06,0.89,0.09,0.69,183,51,0.52,0.8,0.16,0.34,0.1,0.09,0.05,0.04,normal
19,tcp,smtp,S0,688,6149,0,0,0,21,0,1,0,0,0,0,2,0,0,0,1,0,25,48,0.05,0.05,0.09,0.09,0.99,0.03,0.83,52,84,0.77,0.51,0.91,0.34,0.04,0.04,0.1,0.1,normal
9,tcp,eco_i,REJ,49,17,0,0,0,10,0,0,0,0,0,0,0,0,0,0,0,1,174,10,0.52,0.49,0.28,0.26,0.24,0.71,0.55,144,155,0.3,0.01,0.16,0.98,0.58,0.41,0.28,0.33,ipsweep
36,tcp,ssh,SF,7619,1308,0,0,0,22,0,1,0,0,0,0,4,0,0,0,0,0,20,24,0.0,0.0,0.09,0.09,0.95,0.26,0.59,62,134,0.79,0.6,0.25,0.57,0.0,0.0,0.08,0.12,normal
4,icmp,http,S0,74,78,0,1,0,28,0,0,0,0,0,0,0,0,0,0,1,1,475,261,0.97,0.93,0.08,0.08,0.93,0.06,0.78,148,32,0.97,0.22,0.08,0.09,1.12,0.98,0.06,0.09,pod
1,udp,private,REJ,5,44,0,0,0,0,0,0,0,0,0,0,0,0,0,0,1,1,230,4,0.58,0.57,0.32,0.32,0.13,0.79,0.41,140,24,0.81,0.9,0.45,0.3,0.69,0.56,0.26,0.23,mscan
181,udp,ftp,S0,7812,2100,0,0,0,23,0,1,0,0,0,0,0,0,3,0,1,0,49,10,0.05,0.04,0.07,0.06,0.84,0.08,0.99,230,135,0.26,0.63,0.61,0.97,0.04,0.05,0.06,0.07,normal
5,icmp,eco_i,S0,23,80,0,3,0,25,0,0,0,0,0,0,0,0,0,0,1,1,253,136,0.8,0.72,0.08,0.06,0.84,0.04,0.65,23,178,0.49,0.95,0.24,0.69,0.58,0.57,0.08,0.07,teardrop
208,tcp,smtp,S0,3750,6540,0,0,0,14,0,1,0,0,0,0,4,0,3,0,1,0,3,25,0.09,0.11,0.0,0.0,0.78,0.09,0.64,139,129,0.52,0.47,0.9,0.25,0.11,0.07,0.0,0.0,normal
